99 99
000000000000000000000000000000000000000000000000000000000000000000000000000000000000000000000000000
000000000000000000000000000000000000000000000000000000000000000000000000000000000000000000000000000
000000000000000000000000000000000000000000000000000000000000000000000000000000000000000000000000000
000000000000000000000000000000000000000000000000000000000000000000000000000000000000000000000000000
000000000000000000000000000000000000000000000000000000000000000000000000000000000000000000000000000
000000000000000000000000000000000000000000000000000000000000000000000000000000000000000000000000000
000000000000000000000000000000000000000000000000000000000000000000000000000000000000000000000000000
000000000000000000000000000000000000000000000000000000000000000000000000000000000000000000000000000
000000000000000000000000000000000000000000000000000000000000000000000000000000000000000000000000000
000000000000000000000000000000000000000000000000000000000000000000000000000000000000000000000000000
000000000000000010100001011000001010000000000000001001101000010000000100100010001001001000000011000
000000000000100000100000101000010100001010001000000000000000000000100010000000000000000000001010000
000000000001010010110000000000001010000000000100100000001010000000010100000010000000000011000010000
000000000010000010000000011000000100001000000000001010000001000000001010100000100110000000000000000
000000000001010000001100000000000000011001000001001000000000000000000000000000100001110000100100010
000000000000100000000000101100000011001000000000000000000101000000000110100110000000100000000100100
000000000000110000110101000001101000100000000010000100100000000001101010001010010000100100000000010
000000000000000100001000000010001000000100000001100000000000000100000000010000000100001001000000000
000000000001001100000000111100000001001000000110010100100011000000000000010000010000100100010100100
000000000011010001000001110010000010100011000000000000100010110000100010000000000100001010001000000
000000000000001000000110000000001010000000000110110100100000111000000010000000000100010001000100000
000000000000010000000000000101010100000100000001010000000100100000100110001001010000001100001000000
000000000000000001000010001110000011000000101011000101010000101000001110010000000100001010000010010
000000000000000000001010000010000000000111101010010000001011101110110000000110100000100000000000000
000000000000001000000000000000010100000100000000000000000001000100000000001010000000010000000000000
000000000000100100000000100101010000010000001000000001100100100110001011100001000011110000000010000
000000000000001000000100010000001011000001000000100010000001000000000110000100101001010000100000000
000000000000010010001000001101000000101000000000000001000001100100100000000000000001100010010000010
000000000011000000110100000001000000000110010000000000100101110000100000000001000000000000011000010
000000000010000010000000100010011000000000000000011010000100000100000100001100100100001000000100000
000000000000000000000000000000101000000001000000011000001001000000010100011010000000001000010100000
000000000001000000100001000001010000011000000110001101100000000010000000010000000010000110110000110
000000000010100100000000000000100000001000100000010101000011000000100011000000000000010000000000000
000000000000100000010000000000000000000101000000101000010100000000010000010000000101000010000000010
000000000000000101010000100000010101000011000000000100001000001001100000000100010000100000000000010
000000000000110001101001110000000000000010000001101001111001000001000000110000000100100001000100010
000000000000000000000110101001000000100000010000000001010000000101000011001001000001100000000000000
000000000000100010001010000000000010010100000001000000000001000000000000000011000100001000010000000
000000000000000110001000100000000000010000000001101010010000000100000000100010000010100000000100100
000000000000000100001000100000000001001011000000000000000000100000000010000010010011000100000000000
000000000000000100101000000000000000000000100000001010000000000000000000000000000000100000101000010
000000000000110000001000001101001010000010000000011000010010000000000100001100001100100001000010000
000000000001010000110000100000001000110001000100011000011001110000000010010100000100000010001000110
000000000000100000000000000000100000000011000101000000000010001100101001000000000100010000100001000
000000000000001000000010000000110000010000100000100000000000000000100010100000100000010000000001000
000000000000000011000000000100011000101101100000010000000101010010010001010010010000000000011000100
000000000000001001100010000000100001100000101001100001100011000000001100000000110000010000010001000
000000000000000001010000011000000010000000100000001000000000000011000001110000100000000000000000000
000000000000000100100100000000000110100100000001000000010000010000000010000100110001000100000100000
000000000000001000000011000000000000100001001010000000100001000000000100000000010000100000001010000
000000000001000110010000000000000100100000010000001100010010000001000000000100000000001000001000000
000000000010000000000010001000000000010010001000000001010010100011010000100001000000011010001011010
000000000000100000000000010001100000000010000000000000100100010000000100010100000010000000000000000
000000000000000100001111010000000101000111000100001001000000000000001010011101010000000000001001100
000000000000000001000000000000000011110001000111100010000000000000000000000100000000101001100100000
000000000000000000000110000001011001010000000110000000100100010000100000100011010110100001000000000
000000000000000000111010100000000010100100000010101000100000010000000010000011110010000000000101000
000000000001000100000000000101110000001000010000000000000011000000000000000010000001100000000000100
000000000001110100000010100000000001100110001101000000000000000000000101000000000100000000110001010
000000000001000000001010001000011000000000000000001001000000100100001000010000001001000011000000000
000000000000000000000000000000011000000100100010001010100000000000000001000100000000001001100001000
000000000000000001100110100101000001010010100000001010000010001010000000000000000011001010000010000
000000000001000000110000000000010000000100000100000100000001001100011000000001010100011000000000000
000000000000101000000100010000000110010000000010000101000010010010000100000100001000000000000000010
000000000000000011000010000001000000101101011101010011001110101000110000100010010101001000010001000
000000000001010000001000000001100000011000001000000001010010000000110100001000000000000101001000000
000000000010001010000000010000001010000000100000000000000010000000110100010000000000000000001000100
000000000000001000000001000000100000001001000000000000000001101011010000100110000010100000001101000
000000000000100010000100100000001100001000010000010100000000000010100001010001000000000000100000000
000000000000100001001110000000001000010001000010000100000000000000110010000001001100000000100000000
000000000000111100001010101000000000000101001001000001010001000100000000110000110100100000000000000
000000000000000000100000001000100000000000000000010100000100100100000110010010100001001000000000000
000000000000101010100000001000011001000000010000110000000000000000000000000001100001000000001000000
000000000000000000100000100000001100001000101000000000001100000010000010000000010000000010000000000
000000000000000001010110000000000000001001000111000100010000000000000100000010100000000001000010000
000000000000000000010001001000000001000101001010001100000000000000111001100010010000000001000010010
000000000000000100000100000010011011001100010000000000000000000010000000010010000000000000100000000
000000000000000000000000110000000010000101010000001010101000000100000000000001000010100001000001000
000000000010000000100000000001000100100000000111000101000000000100000100000100000000000000000100000
000000000000100100010001000011000110010001000010011000000000011000000000010000111000100001001111000
000000000000000000001000010001000000000000000000000000000000001010000100010000000000011100100000010
000000000001000001000000000000001010000000000000000010000001111100010100101000000010001100100100000
000000000001000000000010011000011010000001000010001000110101000110000000000000000000000000000111100
000000000000000000100001010000100000100000000100000010000000001000100011000000000000000000010000100
000000000000001000001100000001010000000000000000000000000000011000000000000001000000000110100010000
000000000011000000000100010001000011000000000000000101100001100000001000000000000000000010000000000
000000000000100100101001011100000000000000000001000000000000100000010100000000010001000000010001000
000000000010001100000000000100111000001010000000001100000000000001000000000000001100100101000000000
000000000000000100000100000010010001100000000110000010000000001010000000001000000000000001100001000
000000000000000000000001000100110010000000001100010000010000000000001010010010000001001000000101010
000000000001010000000000000000001001000101001011010010001010010011000010000100010100000000001000100
000000000010001110000001100001000000000000001000010100000010000101100100000000000000010100000111100
000000000000010011010001000000000110000100100000001010010000001000010100110010000000100000000000000
000000000001010100000010000000000100000100000000000000000000100001010010001000000100001000011000010
000000000000101100000001000001000000000000000010001001100000000100001010001001011000000100000001000
000000000000000001000000010001000000000100110010000100100000000110010000001000000000100001000011000
000000000001000000000100000100000001010000000000100010000001001111000000011000000000000000000000110
000000000000000100000000000101000010000000000001000010000000000000000001000000101010000010000000000
000000000000000000000000000000000000000000000000000000000000000000000000000000000000000000000000000
0 0
98 98