99 99
000000000000000000000000000000000000000000000000000000000000000000000000000000000000000000000000000
000000000000000000000000000000000000000000000000000000000000000000000000000000000000000000000000000
000000000000000000000000000000000000000000000000000000000000000000000000000000000000000000000000000
000000000000000000000000000000000000000000000000000000000000000000000000000000000000000000000000000
000000000000000000000000000000000000000000000000000000000000000000000000000000000000000000000000000
000000000000000000000000000000000000000000000000000000000000000000000000000000000000000000000000000
000000000000000000000000000000000000000000000000000000000000000000000000000000000000000000000000000
000000000000000000000000000000000000000000000000000000000000000000000000000000000000000000000000000
000000000000000000000000000000000000000000000000000000000000000000000000000000000000000000000000000
000000000000000000000000000000000000000000000000000000000000000000000000000000000000000000000000000
000000000000000010011000010000000000010000100000000011100010000000100010000101100000000010000000000
000000000000100100001100101000000100010010000010000001110001010000000000100001010001000110000100000
000000000001001100100100010001000000010000001010010000000000011101000000001001000000001010000000000
000000000000001011010000001001000000000100100000001100000000100000110100010000000000000000011100000
000000000000000000000110000000000000001000101001010001000000000011000000110000100000000000100001100
000000000000110010000000001000110011000000100000011000010000000001001000000000001000100000010000100
000000000000001111100100000000000010000001110000000000000100110101010000100001000010000000000000000
000000000000000010000111010110100000000100000001000010000100000000000000010000000001000100000000100
000000000010000111000100000100000000010001000010100010100110010001000100000001000000001000010000000
000000000000000000000001000000010110000000000000000000000000000011000000000000011000000000000010010
000000000000001000010000000110100001000010000001000000010110001000010000011101001000000100100001000
000000000000000000100000100000100000000010100001000000010000000001001100000000010100000000101000000
000000000000100011110000000100000100000000000101000000100000100000000000001000000000100010010010000
000000000000000100000001000010001010000000010000000010000010000001100000001011001000100000000101100
000000000000100100011001110010101000010001010010101000011010001000111001000000000010010000001100000
000000000010000010000010000000000010101101000000000000000001001000000000101101000000100000000010000
000000000000001000000100001000111000111100010100010011001000000000011000000000000110001000001010100
000000000000000000100000000010000000000100110000100000000010000000000010000110000000000000000000110
000000000000010001000000010000100010000000000000000110010000000001000001000010010000000000100000000
000000000000011000001110100000000001100011001000000000000100100001000000000011010000000100000000000
000000000000000100101101010000000010101100000000001010100100100000000001100101000000100001001000000
000000000000000000000010010100000100000001001000000010000000000000000000010000000000010000000100110
000000000000001001001010100001000010000000000000010010000000000000110011110010101000000001001010000
000000000010000000000000001000000000000100100000110010000000001000001000100000000001001010001000010
000000000000001000000110000110000000010110001000000000000000101000001110010001000000010100000000000
000000000000000001000000000010100000110000010000000001000011100000000100000000100000001100000000100
000000000000100100001000011110001001000110001000000000000010100000000011010100001010010100000100010
000000000000000000000000000010000000101100000000000001010000101000000010110001101001100000100000100
000000000001010001100000001000010001001010000000000000000000000010001000010000000000000001000001000
000000000000100100000000000010110100100001000010000000100000101110000000100010001100100001100000110
000000000000100000010000110100100000000010110010001000000011000000111011000001000001010000000000100
000000000000000010110001000100010000001110001000101010010010000001000000100001001111101000010010000
000000000010000000000000010010100100000100010000100100000000000001001000000000000001000001001000000
000000000010001100001101010000001100000000100010000000000000010000100010000001010000111000001100000
000000000001000010100110000000101000001000000100000010000010011000000000000101000100100000001001100
000000000001010000010001000000000000100010000000010001010101011011010000000010000000000100001000010
000000000001010001000000100010010000000100000001100000000000000100000010010000000100010010000101000
000000000010000000010110000001000000010000000010010000001000001100000000001001000000000010000100000
000000000000000000000011010100110101100000000000000000100000010000000010100010000000000000000000010
000000000001000000001101000000001100100100000000000000000000010000000000000100000000001101010000000
000000000000000000000000000011000111000100010000000000101000000000000010000000100000000000000000000
000000000011000000000101001000001000000000000001000001010000000001010000000110001000000000000010100
000000000001100000000000000000001100100001111100000010010000000100001000000001000000001100110011010
000000000000000010000000110000010000101010010000100000000101000000000010000000110000100001001000010
000000000000000000110100000010001000000000000010000001000001000010000010000000000100010010100111000
000000000011100000000000001000000111000000000100010000001000001000000001001001000101101000000000000
000000000010001000000001000000011000001000110001000110000010001011101000000000100101100100000101000
000000000000010100011000010000100000000000010010001100000000000001000010000011000000000110100000110
000000000000110000001100000000000000000001100000000100001000001000100100100000100000001010000000000
000000000000001100000000000000001000010001010010101000010100100000000000000010010010000000000000100
000000000001010100000010100000100000000000110100000100001000000010000000011000010000000110000000000
000000000000000100001010001001001010000000001000001100010100000001000110000100000000100001010000000
000000000000010000001000000000000000000000000000000110001001100000000101010010010101000011000000010
000000000001001100100010100000100000000101000000000100000010011010000001001000010100000100000010010
000000000010001011101010000000000000000100000000000000000100000100100010110000000110010000011100010
000000000001000000000001000000010011000000000000000100001100100010000100001000010100000010000100110
000000000000011000001110110000010000011000000011100010100100010111010010011100010101000000001000000
000000000001001001010000000000100100000000100100000001000000000000000100100000000100001001000000000
000000000000000000110001000000110000000010010000010000001100000000010000000100001000001010000001000
000000000000101001000000101100000000010000010000000110000000000000001000000010000000000000000101100
000000000001100000011000000000100010000000001010000000001100110001000000000000100100011001000100010
000000000000010001110000000010110100001000100100100001010000000001001000000100000000001000100000000
000000000010010001010010110000000000001000000010001100100000100000000000001000110101001100100010000
000000000000101011000010000010101011000010001000000000000000100000110000010000000001000010100000110
000000000001010010001000000000110100110000000000100000000000000000010000100101000110000001010110000
000000000000101000110000000010110101000000000001100000000000100010000001011010000101000000000000000
000000000000100000001100001001001000000000100101101000000000000001000000000100000000000001010000010
000000000001000101110000000000001000100000000110010100010100000000001100000000010010100010000000110
000000000000100100010100000000001000001000100000000001000000011001101001100000101010001100001000100
000000000000100000001100000011010110000000101011000010010000010000001001000011000001001001001000000
000000000010000000000000001100000010000000000010100101001001010011000000001100100000010101000101100
000000000000000000010000000000000000101011101001000010010001000000010000101000000010000010100001110
000000000001100000100100100000010001001000000110010000001010000000000000000000000100000000000000110
000000000000001000001010000001100000100000000000000000010100000100111000100101000001000000100000000
000000000010001001100000100010001000000000100100001000000000000000010010001000000001000000000000000
000000000000000100100110000000000110001000101000001000101000001000000000000000100000000011000000000
000000000000100000100010011001000000101000010000000000000110000010001000000100000000000100000001000
000000000000000100000100000000000011100000001101000100000001001001000101001000000000001000110100010
000000000010100000000010000010010100000000000000000000000010000100100001100001000000000100001000110
000000000000000000000010100100000110000000100010001000000000000010100000110101001000000100010001000
000000000000000001000010000001000000010001000001100011010010000110101011000000000000000000100000000
000000000000000000001000001000000000010101000000000000010000101110001011000100010010001000010000000
000000000000001000000010000100000100001000000000000000001100000010110000010000010000000000000000100
000000000000000001001000101010000000010100010000100000001000000000000000010001000000010100010010000
000000000001000001001101000010001000000000000000100001000000000100000111010001010000000000011010000
000000000001000000000000000100000110000001010000010000000000000011000000100000000000000000100010000
000000000000000000000000010000000110011010100011000100000000000011000000000000000000001110000101000
000000000000001000001000010100001100000000011010000000000000010101000000110001000100000001000000000
000000000000000000000000000000000000000000000000000000000000000000000000000000000000000000000000000
0 0
98 98