99 99
000000000000000000000000000000000000000000000000000000000000000000000000000000000000000000000000000
000000000000000000000000000000000000000000000000000000000000000000000000000000000000000000000000000
000000000000000000000000000000000000000000000000000000000000000000000000000000000000000000000000000
000000000000000000000000000000000000000000000000000000000000000000000000000000000000000000000000000
000000000000000000000000000000000000000000000000000000000000000000000000000000000000000000000000000
000000000000000000000000000000000000000000000000000000000000000000000000000000000000000000000000000
000000000000000000000000000000000000000000000000000000000000000000000000000000000000000000000000000
000000000000000000000000000000000000000000000000000000000000000000000000000000000000000000000000000
000000000000000000000000000000000000000000000000000000000000000000000000000000000000000000000000000
000000000000000000000000000000000000000000000000000000000000000000000000000000000000000000000000000
000000000000101001000000000000100100000100000000000000000000000001000010100000101000100000000000000
000000000010001000000001001000011000001100001101000101011001001000000000000010001000000001000001000
000000000001000000000000100001100000000100110000000000000100000000000000000000000000000011000000000
000000000000000000110101100101010000000010000000000000001010000011000000010100100011000000000000010
000000000001000001010000010100000000000110001000010000000000000001100000000000000000000000001011000
000000000010100000010010010010011100100000010000000000110000101000000100000000000000010010110101000
000000000000001100000000000000010000000000000101000001000001110000000010000000100001100011010000000
000000000000000001000001001010000000001100000101001100101000000000100010001010110110000000000100000
000000000000011000101000001000000001011010000110000000000100000000001100101000110000000000000000010
000000000001001000000001111010100000001000000000010000000000000011000000010001000001001010010010010
000000000000000000010100010001000011010000000000000001001000000110000000001000010000101000110100000
000000000010000000101100010100000010000000001000001000010010000000100000010010000000100001100111000
000000000010000100000000010001100000001000000010000000000100000000010000000000000000000000010000000
000000000001000001000000000000001000011100010000101001000000000101000100000101100100010001000100100
000000000010011000001000000000000110001000010010001000100001100000000000010100000000000100001101100
000000000001000001000010001000001001001000100000011100001000010001100000000001010000110000110010000
000000000011000000010100111000010000000000110000000001000010001000000001001000010010100001110000000
000000000000010000010000000000100000000010000010001010100011000000001001000111011010000010000100110
000000000000000000001000010100110001000000000000010100000000000000000000010000000000000000001000110
000000000010100000000100010100110000011100000000010000110000100100011000000101010000000000000000000
000000000000000101000110101110000011000100100000000010000000000000010000000000010001101001000000100
000000000000000001000000110000000001000000000000000001000000011000100100101001100000000000010000000
000000000001010000000010100001000000000100001101010000010000001010000010100000011000101010001101100
000000000001000000000100110000001000010100000000000010000100000100010001000001000001010100000010000
000000000000110000000000010100001000000010010010000000001000100110100000010100000110101001100000010
000000000000100001000101011000000000000001100000000101001101000000000010001001010000010100000001010
000000000000010000000000000000000110000100011000000000100000111010000001100000001001000001010000000
000000000010011001010000000101000011000001000000000001000000000110000100011000000001000010000000000
000000000000000000001000100110000000100000101000000000000000100001000010000000010000010011000011010
000000000001001000100000000000100000011000000000001010000000000010000000001000000010000100000001000
000000000010100010100001000101010010000000000000010010001000000010100000010000000000000100000000100
000000000000000001010001010100010000001000000010011011001101100000000000000010010100000000010000000
000000000010000000001110001011010100010000001101000010000000000000001011001110010000001000001000000
000000000001000010000010000100011000000010000001000100101010000000000000010100101011011000100000000
000000000000000000010000011001000100000001100000010000000010000000000000100000011001000100000000000
000000000000000101100000000010001000101011001000110010100000110010100011000010001100000000101000000
000000000010000000100000001001101000000000101001000000000111000100000000000000001001000000100010000
000000000000100000000010101011001111101000000101001110000011010000010001010001000000001010000000000
000000000000010000100001100000000001000001000000001011000000100011000000000000000100000000000100000
000000000000100000011000000000000000000000110101001100100000000101000001001000101110000000010001000
000000000000001100000000000000000000000001000000010000010110000000010000101001000110000100100000000
000000000010100000000000000000000000000000010000000000000000000000010100000000011001001010000011100
000000000000000101011010000101000000010101100010000000001001110010001010000000001100001000000011010
000000000010000011000010001000000001000011000000000000000001001100100000100000100101010000100001100
000000000000100100000000000000101010000100000001000000110000000000000000001000010000000011110010000
000000000001010000000010010100010110000000100000000100000000001000010000000010000000001001001000000
000000000010000010000000000000001010000001011000000000100100000000100110100000000000000010000000000
000000000000100000001100000010000101000001000010010000011000000000000100100010000000000000100000000
000000000000000000000010100000000000000000000000000000000100010010000000000010000000100001100010000
000000000001000000000100000001000000001010000000000100100000000000100100011000001011000000000000000
000000000000000100000000000100000000001000000010000101000000100001000100000010100100000000010000010
000000000010010000000010010000001000001011100101100000100000010100001010000000010010000000000011010
000000000010001010000000000000000000110000010000100001000010000001000001000100100100000000010010010
000000000000000000010000001000000010000010001000100000000000001000010001001001000000010001011000000
000000000011000000011001000000010000000000101011010100000100000000010000010110100101100000000010010
000000000010000100010000000000000000000000001001010000010100100001011001000110000000100000000010010
000000000010100111000011000000001100000000001000000000000001000010001000100001000100000000000110100
000000000000000000000100100001011000010000101000100100010001000100010010001001000100001000001010000
000000000001000001000000100101100010000000001001000010011000010000000100000010000010001100000110000
000000000000000010000010000000101100100000000000110001100010000100010011000000000000000010000000000
000000000010000100000000001000011001000000000000110110000100000110100000000000001000100001010000000
000000000000001000000100000000000000000000010000000000000000001011001000101000000000001000000110100
000000000000000100000000001100001000000000000100101010100111100001010001010000001000001000110000000
000000000000111000000000000000001001010111010000000000000110000001000000010000000000101001000000000
000000000000100000000000000100100100001001010100000000000000001000000010000000000000000000000000000
000000000000101010001000100000100000100010001000000000000000000101000010100100000000000001100000000
000000000011111000000000000001101000001110010011001000001110000010100110000010000000000000001110010
000000000001001011001010000001100000001000000000000011001000010100100000000100000000000101001000010
000000000000000100001000111110000100000000000000000010011010001010000010100011000000000000010000000
000000000001000000010100000001100010000100000100000001000101000000000000000000000010000001101000010
000000000011000001011000001110010010000110000000001000000000000001000000001000000001100000001000000
000000000000100100001010000000010000000000010000000010000000100001100000000010000010100000100000000
000000000000101101000000000101100110010000010000010000010000000000001100010100011000000000001101100
000000000000000000011000001000000000000100110100000000000100000100010000000000000000111110000000000
000000000000000000000000000000000101010010011010000000100000000001000100000100000110000001010000000
000000000010000001000000011000001001010110010100100010000001110000000010001000000110000000011100000
000000000000001000000000000000001000000000110000000000000000000010000000001100000000000000110100000
000000000000010001100000100010000000001001100000100011000010000010100000000010010000001000000000000
000000000000110010000000100110001010000000000000000000001000010010100101000010010000001000000000000
000000000001000000000000011000010100001001100000001001010000101000110110100001000000000000100001000
000000000000000000101000000000011000000001100001100001001100000000000000000010101000001010100000000
000000000000000000000001000100000010000000010000010010000010011011010010000000000001001000101000000
000000000001000000000000000100001000100100000000111000000010010000101001000000000000100000001001010
000000000000001001000000000010000000000001100010000000000000110100010010010010000000000011011000000
000000000001010000100110000000000001100101000000000000000000000000000000001000000000110100000000000
000000000000100100000010000100000001100001000000100000100100100001000001000011100000000001010010010
000000000000001010010001000101000000000001000010001110110100000000000100001000110001000000000000100
000000000001000010001000100000100000000100000000001110000000001000000000000001101000000000001010000
000000000000000000000000000000000000000000000000000000000000000000000000000000000000000000000000000
0 0
98 98