99 99
000000000000000000000000000000000000000000000000000000000000000000000000000000000000000000000000000
000000000000000000000000000000000000000000000000000000000000000000000000000000000000000000000000000
000000000000000000000000000000000000000000000000000000000000000000000000000000000000000000000000000
000000000000000000000000000000000000000000000000000000000000000000000000000000000000000000000000000
000000000000000000000000000000000000000000000000000000000000000000000000000000000000000000000000000
000000000000000000000000000000000000000000000000000000000000000000000000000000000000000000000000000
000000000000000000000000000000000000000000000000000000000000000000000000000000000000000000000000000
000000000000000000000000000000000000000000000000000000000000000000000000000000000000000000000000000
000000000000000000000000000000000000000000000000000000000000000000000000000000000000000000000000000
000000000000000000000000000000000000000000000000000000000000000000000000000000000000000000000000000
000000000011000100000001000100100110100000000100000010100000110010001000000000001000000001100000010
000000000010000001000000000000011101001000000100011000001000000100000001000100010101000000000000100
000000000000000000010000000000001011000000000000000010000010010000100010010000000100110001000000000
000000000000000000010000100100000000000000000000000001000000100000000011000001000100001001010010000
000000000010010000000010000001010000001000001000101001100100000000000100000000000000101000000011010
000000000000100000000100100001000000110011000000000000000010000000100000001000010000010010000001000
000000000000101010000001100000000000000101000000000000000001100000100110000010001000010000000100110
000000000001000001001010000101001000011000000000000100101000100011000000100000000010000010000000000
000000000000010010001000000001000101110010001100000100000010000001000000000000100110000000000000100
000000000000000010100000011001010100000000010100000001100001100000000000110000010101100000001100100
000000000000011101000010100101000000000111000100001010000010000101000000000010000000100000000110010
000000000000000000000001100100000000000001000010000001000110000000001000000000000001000000000000000
000000000000101100010000001000000001000000100010001000000000000001001010001000010001100000010001000
000000000001000000000001000001000100100000010000000001000000000000000000001000110000000100011100000
000000000010100000000000000001000001010000100100000000000000000011010000100000100100010000000100110
000000000000000000010000001010100010000001000101110000001010000000010000000001000000000000010000110
000000000000000000001001000001010000000000000000000100000101000011000000000000000000100000000001100
000000000001010100001001000100000001100110010010000001000000000100100100000000000000000100100101000
000000000001001000001001110000100000110010001000100100000000000100000010100000100000100100010001000
000000000001011000000000000001000010000000000011010100000010010000000000100010100001000000000100010
000000000010000000100000001000000100001101100001000000000000000010000000000111010000000000100000100
000000000001100000000000100000000000011000100100000100001000000100000001100011101110001000001000000
000000000000100010000100001000100000100001000000000000000000000000000011010110111110000100000001010
000000000000000001001100000000001000000000100101000000010010000010000010000001000100100001000100010
000000000000100000100100100000000001000100000001100100000001010010011101110000101011001000000100000
000000000010010010001000100000000000100011000100000111010010100001000110000010000010000000000000000
000000000000000000000000010011100000010000000000000001000010101000010000010010000100100000010000010
000000000000010100000000000000010000011100010000100011100101000000100000000000100010100010000111010
000000000000000100100000000010000000000100010000000100001101010000000001001000000100101000100000000
000000000000100000000000000000001000100000000101000010000000010000000000010111000111000000000101000
000000000001000010001000000000100000001000000101001100000010000110000001010000000000000110000000010
000000000000011011100000011011000010000001101000000000000000000000001000000000100000000100000011000
000000000000100000100001000000000000000000001100100001000000010000000010010000101000010100010010000
000000000000000001000010000000010110101000000100001000000000000000000000010010001000000000010101000
000000000001000101001100000000110001111000010100000000000000000001000001100000000111001000000000010
000000000000100110101010100100000000000101010000010011000000011100000100000010000011100000000100000
000000000000100001000000001010000000101001000100000010001010001100000000000000000010000000001100010
000000000000010000000000000000000000010000000001010001000000000001010001000000001100010010100000010
000000000001000010000000000000010101010101010000000100000000101000101000000000000000000001100100000
000000000000100000001010000000101110110001001010001000100000000000000100000000000001010010001000000
000000000000010100010001001000010000001001100010000100000100000000010000001000000000000100000010000
000000000000000000011000000000000010100100000001001000000100000000100000100001000100001110000000000
000000000011000000000100000100100000110100010001001000100001100100000001000001000100001001000001000
000000000010010000000000001000000101000000110100001010001011001000111001001000010000000000100011000
000000000000010000010000010000000000000100100000000100001000010010000000000001000001000011000000000
000000000000100010100100100000000000100010110000101100100000000100010000001010000001000000100000000
000000000010000000000000000000000000000010011001010000011100100000000001000100010100001000110000010
000000000000000000010100000001001000100100101000000100000010001001001100011000000010000100010011000
000000000000010001010011010000001000000010000010000000000000100000001001000000010000001000100010000
000000000010000000000100000000000101000001100100010001010100000000001000000000110101000010100000000
000000000000000010101100000000000110000000000010100000000010001010000000100000001000110000110001110
000000000001010100000000010000100000001000000010000000010000000111000001010100100000000000010100000
000000000000001000100000000001101000000001110000000000001010000000100001100000000010001000001010000
000000000000000110000001010000001010100001011010000000000001000000000000001100000100001001001010010
000000000000010100001000100001000100100100100000011000000110000011100000010000001100100001001000000
000000000000000010000001000011010000000000100000100100000001000000000000010010000000000110000000000
000000000010000000110000011010000000000000010000010000100000101000001000000001000000111010000110010
000000000000110000100000001110000100000101000000010100100000001001001000100001000001001000000000110
000000000001001000000000000000000000000100000000000000000000000010000000001011001000000000000100000
000000000000000100000110010101010100001000001010101010100100000000000000110000001000000000100010000
000000000000001000000011000101010000010000000000000110100000000000000000010100100101000000010000000
000000000000000000010010001000000100000000000100000011001100000100010000001000000010000000010100010
000000000000010000000001000001100000100000000110001010001000100101010100001001110000010000100100000
000000000000010000010100000100000010000100001000010000100010000000110010000000000010100100100100000
000000000000000001110100000010100000010010010000010000000000000100000000010000000000100000011100110
000000000010001000000000001000000100000000100101000000101101000010000010000000000000000100010000000
000000000000100010000101100000001100010000010011000100000000100000101000000000010000000011000000000
000000000010010100100010010001000000001000000000000100100000000001010000010000000111000001000000100
000000000000000100011000010001000101010010011000011000000000010000110000000001100100001011001100000
000000000000000000110000010100000001001100101010000100010001000000001010011110000000001000000000000
000000000001000000000010000000100010110010000000001110110011100000000111001000000100000000000101010
000000000000000000000000010001000001010000000000010000000100001110010101000000010000000110000010010
000000000000000000100000001000000000000100000100110000100000010100000000000111000000011000000010000
000000000000100000000010000000000001000000000010001000001000000000000011110000000011000000000000010
000000000000000000001000000010010001000010000000001011010000100000000000000101000001010000000000000
000000000000000001100000000010000000000100000100110010001010000100010100000110000110000000000001010
000000000000010000010000100000101010100101100101011110000000000111010000000100000000010000000000000
000000000001000000000000010000000000001000000001100000100100001000000001000000010001001001000000010
000000000000100000001110011001000000000100000100000000000001000000101010000010000100000100000000000
000000000001111010000000100000000110100000000000000000000010100101001010000000000000100100001000000
000000000000000000010100100100010011000100001000000000100000000000000100001000000100000001000010000
000000000000101000000101100100000000100001001001000010000001000001010010000000000000000101010000000
000000000000001100000000100010001000001000010000000101100000001000100000000000100001010010110100000
000000000001001001001001010110000000010000100000010000000000010000000001011001001010000010010000100
000000000000010100010011000100011100000010100000000011100110101001000000001011000010000000010000000
000000000000000000001100010011000001011000000100000010000100000000100001000000100000000100000010100
000000000000000010000000000000000100000101000001100000000000001100001000010011010000010000010000100
000000000001000000000100110000001111100100000110000001000000010000100000000000001000100000001100000
000000000000000000000000000000000000000000000000000000000000000000000000000000000000000000000000000
0 0
98 98