99 99
000000000000000000000000000000000000000000000000000000000000000000000000000000000000000000000000000
000000000000000000000000000000000000000000000000000000000000000000000000000000000000000000000000000
000000000000000000000000000000000000000000000000000000000000000000000000000000000000000000000000000
000000000000000000000000000000000000000000000000000000000000000000000000000000000000000000000000000
000000000000000000000000000000000000000000000000000000000000000000000000000000000000000000000000000
000000000000000000000000000000000000000000000000000000000000000000000000000000000000000000000000000
000000000000000000000000000000000000000000000000000000000000000000000000000000000000000000000000000
000000000000000000000000000000000000000000000000000000000000000000000000000000000000000000000000000
000000000000000000000000000000000000000000000000000000000000000000000000000000000000000000000000000
000000000000000000000000000000000000000000000000000000000000000000000000000000000000000000000000000
000000000000000010010000001101100000000000000000000000100010001001010110001000100100000000000001100
000000000011100000000000000100000000000000000001000100010001000100110000100000000000000101000000000
000000000000100100111000000100000001001010011100000000001010001000110000100000000100010000000000000
000000000001001000000000010001110110000011000101000010100000000000010000000010000100100010000000000
000000000001100000000100000000000000100001100000000100001000100010001110001000010001000100001000100
000000000000000010001000000000000100000010000000000000111000000000100010000100000010010001000100100
000000000010010001100000010000111000000100000010100000000000000001010000010000000011010000001001010
000000000000000000000100010000001100101000000100000010001010011000000000000010010110010110000010010
000000000000000000000000100101000001100010010000101000001001001001000000000000000000100100001101000
000000000000001001000000000100010001000100000000001000001000000110000000010000000001010000010000000
000000000011101001100000000010000010000101100110100000100011100010000000001001000000000101000100000
000000000011011010000000000100000000000100000100001001000001000000000100000000000100000000010010000
000000000000010010100000001001000000000000000010000010000100101001000010000010010000110100000000000
000000000000000000000000001001101000000001100000001000000010100000000100010000000100001001000001000
000000000000000000100000100010000000000011010001100010000000000100100000100100001000001000000000000
000000000000100000000011000010100100100110001100010001001000000100000000100000010000000011000010000
000000000000000000000000000001001000110000100001000000100100100000000000100001011100001010001000100
000000000000000001000000000010010000000110000000000010000010000000010010000010101100000011000000100
000000000000000000000000010010000101010000000100010010000100100000010000100001000000000000000000000
000000000000010101000001000100110100000011101100000000100000000100000010110000000010100000000000000
000000000001000001110000100000111000010010000100100000100001001010011000000000101000001010000001000
000000000001000000010010001010000101010000000000101101100000110100010010010000000000000000101000100
000000000000000001000000100000000000011000000101101000000110001110001100100001011000001000000000000
000000000010000010000100010000000000100000100100010000010100000010001001000001000000000000010000000
000000000000001010000000110100000000100100000000010000100100010000000000100000100000101000000000000
000000000000000000000001000001110100011000000010000110000001010000000000000000100100001000010000000
000000000000010000100001000000000101000000000100000000000100001110100000000100010101000101000110000
000000000010010000001001101000000011000000000011000011000010010011000000000000000000000000100101110
000000000000001000010001000001000100011000100010000000000100100000000100000000010011010001000000000
000000000010001000000000000001000011000011000100000000000000100001000100100001101000110000100001000
000000000001000010001010101000001011000000010110000000000000000010010000000000000100001000000001000
000000000000000010000001100000100001000110000000011000000000000011000100000110000001000101000001010
000000000000101000000100010001010101000001100100011000001100000000000000000000000000000110000000010
000000000000000000000000110001000000000001000000010000000010000000110101000000000100000010101011010
000000000001000011100000010000001010000000001000000000000000000000000100010000000000010000000001000
000000000010000001000000010000000100010000100001000001000000100000000000000010001000001100000100000
000000000001000000000110000100000000001000000101101001010000000001100100001000100001000000010000010
000000000000000011000001100000000000000000000000000000001101000000100000000000000000000111000000000
000000000000000000001010000000000011100110010000011101001000000000000000000000000100010000000100000
000000000000001110100000000001100100000100110000100000000000000010000000000100000100000000000000000
000000000000000000010000000100000000001010010110000001000000000000001100100110010000010000010001000
000000000000000000000001010000000000010000000001000010000000010001100000000000100000001001000011000
000000000000000011010100010000000000000000000100001000010000001000001001000000100000001000000000000
000000000010011000000000100011001000101011000000000000000001000000000000001100000000000000100000010
000000000000000101000010010100000100000000000000000000000010000000000010000010000000100000000010110
000000000001000100001000100000000001000000100010010001100001100010000001000000000010100000101000000
000000000000001011000010100001000000101010000000000000000000000010000000000110000000000000010010010
000000000010010010011100000100011100100000000100010000000000011000101100100000000100000000000001000
000000000011001000000011000000100000000000000000011000000001000010010011000000011000100100000101100
000000000000000001100001011000101001011001000000000100000100000001000000000000100011011001100000110
000000000010001000001100000101010000001110000000000000000100110001010100001000000001000011000010010
000000000010001110100001000001100011001000000100000100000000001101010010100110100000000000110001100
000000000000010000000110000100010010100000010001001000000000000001001011111000000000000001000100000
000000000001010000001000100000010000000000000000000100100000001100100010000000000100000000010011000
000000000001000001000000100101100011010010000000101000000100010010000010011000010000000001000000010
000000000001000000000010000000000001000000000000000000000000100100000000000010001000001100000000000
000000000000001010110010111001000000010000001000000000001000000000000000111000010000100000001000010
000000000000001010000000000101000010000100010000011000100001000001010101000100000001101110000000000
000000000001100000000010001000000000001001011001000000100000001000000000000000000000010000000000000
000000000010000000001000000001000000001010100100000000000000000001110000000100010001000100001011000
000000000001000000000000000110010000001100000000000001110000001000100100001000000000001111000100000
000000000010000111000000000000000001110000001011000000000110001101001100100010000000100000001011000
000000000000000000101000010010000000000000000100000001100000000001011101000100010000000000001000010
000000000000000000000001100001000000000101010010000000010100000000110000001000010100001010010000010
000000000000100000000101000110100000110000000100010000000000101000110000000110000100010001001010010
000000000001000000011000001010001000010010100000100100100100010000001000001000010100101000101000000
000000000000000100100010010000000000000000000101101010000000111100100100010001100111001000000100010
000000000000100000000000000001000010000000001000010000000100000000001000010110000010000010010011000
000000000000000000101000000100000110001001000010010100101110010000000000100000011000001000100111000
000000000011011100010010100000001000000000101101010000010000000000101000000000000000000100000100000
000000000000000110111001001000000001100000000010000000010001001000000000000011010000000000000010000
000000000000000001000000100010000000110000000000000000100000100000010010100011110100000000100000010
000000000000000001101010001000100100000000000100001000000000000111000101000000000000100001000011000
000000000000100000000000000000101000101000000000000010000000000010010000000001000100000000010000000
000000000001000000000000000000000000000001000001100000100000000000000010100010001100000010000000000
000000000011000100100000000110011000100001010000000010001000001101000000001000000000000000001000000
000000000000010000110100000000000000001010000010000000100010010000100000100000000000011101001000110
000000000000000000100000000001000100100001000000010100100000000010000000000000000001001000001110000
000000000000000000110101000000000100000010100001000010000000110100000000000000101000000000001001000
000000000000001001000011100110000100001000001000000100000011010010010000010000100001001000100000100
000000000000001000100010010000000000000001000100001000011000110001001001110000000000010010000101010
000000000000000100001001110011010000010000000000000000000001001100000000100000100000010000001000000
000000000000001000000000000000000000010010000001010000000010000100000100010010100000010000000010000
000000000000010001100000000001000000000010000001000000110000000110000000000100000000101000101000000
000000000000000001000000010000101000000000000111000000010000000001001010000011010110010001010000000
000000000010010010010000000001100000000100000000000000000000000010000100000000110000000000000000100
000000000000010100010010101000000110000100100000100000000101011000000101001000000100000000001000010
000000000000100000010100100000010000100000000001000010000001100000100110100000100000100001000001100
000000000000000000000000000000000000000000000000000000000000000000000000000000000000000000000000000
0 0
98 98