99 99
000000000000000000000000000000000000000000000000000000000000000000000000000000000000000000000000000
000000000000000000000000000000000000000000000000000000000000000000000000000000000000000000000000000
000000000000000000000000000000000000000000000000000000000000000000000000000000000000000000000000000
000000000000000000000000000000000000000000000000000000000000000000000000000000000000000000000000000
000000000000000000000000000000000000000000000000000000000000000000000000000000000000000000000000000
000000000000000000000000000000000000000000000000000000000000000000000000000000000000000000000000000
000000000000000000000000000000000000000000000000000000000000000000000000000000000000000000000000000
000000000000000000000000000000000000000000000000000000000000000000000000000000000000000000000000000
000000000000000000000000000000000000000000000000000000000000000000000000000000000000000000000000000
000000000000000000000000000000000000000000000000000000000000000000000000000000000000000000000000000
000000000011000000100000010010001010000010000000000001000000001100000100000100011000000100001100010
000000000000000000001000100001000001001010010011101000010100100100010000000001000000001000100000100
000000000001000010010001100010000001010000100000001000000110000000000000001010000000000001100000000
000000000010000100000000000100000010000010110000100000100000001000100000000010000100000000000010000
000000000000000001000001000000000000000000100100010010000100001000000000110100010100000011011000100
000000000000001000000100000000000000001000010000000010101010000000100000010000000000010000001010010
000000000000011000000000000100000000000000001011010001100000010000000000000000010010100100000000000
000000000000000000000001011000001100000000000101000100001000000000010111100001001000100000000110000
000000000010100100010100000000010001000001000000100010000000000010000000000000010011000010000000000
000000000000000000000000000000000100010000100000000000000001110001001000000001011000100100000000010
000000000011000000010001001110000000000001100000010000000010000010010000010000000000010000000101000
000000000000000000000000010000000000010000000000000000000001100010000000000010100100000000100100010
000000000010000000000010000001100001000000000001000010011000001111100000000001100000100000100001000
000000000001000011111011010010000000000100100000000010100010000001010000001010000000101100001000000
000000000010000001000010100110100001001000000000000000001000000000000000000001000100000000010010100
000000000000000111000000000000001010000000000000110000000000000001001000001100000000000000000110010
000000000000000010001010010001010000100000000010001101011100000011000100101000001000010000110010000
000000000000010100000000000010001000000000001000000000000000000010100000000000000000001000000000100
000000000000001011000010000000000000000010000100000000010000000100000000000000100000100000100010010
000000000000010100010100000000010110000001000000000010000000001010000000000000001001001000000000000
000000000001000000001000000101101000000000010010000000100000000000101000110000000000000000000110000
000000000000010000000010000010000000001100001000101001010101000000000001010001000000010001011000010
000000000000000000000001001000000000011000000000001000000110011100000000001000000011000100001001100
000000000010000100001100000011000000110011000010000000000001010100000000010000000000000001100000000
000000000000000000000000000010010000101000001000000000010010110100000010100000100000001010000001010
000000000000010000100100000010001001000000010000000000000000001000010000000000000010000010100010000
000000000000010011000000000010000000000100010001011000100000000000001001000001100000000000010110000
000000000000000000101010000010010100000011101001010010100100010000100000100000100000010000000000100
000000000000000000010100000000000010101000001000000000000000110000010000000000010000000000000001010
000000000000000000000001010001000001111001100000000000000010000000100010100010000000000010000001000
000000000010100000101110000000000010101001000010010000000000001000110010000001000000000001000000100
000000000001000000000010101000100000100010000000001000100001001000000000010000100000000000010100000
000000000000010000000110000000000000001000001000010000000001000010001000000000000000100100010000000
000000000010000101100100000000000000000000000000000000001000000000001100000000001110000000000000010
000000000011000000000000010100010100000000110000010100110110011000000000000000000000010010000100000
000000000000111010000010000000000001010000000000000100001100010000000000100010000000001010100100000
000000000010000001000000110000010000000010000110100100100000000000000010100000010101001000000001000
000000000010000000000000000000000110010110001000000000000000000001010000000010010010000010101001000
000000000000000000000000010001000000001101000100000100000100111000000100001001001010101000000000110
000000000000000000100000000101000100000000000000001100000001000000000100000100000010000000000000000
000000000011110100100000010000001001000000010101000000100000000001000000000101000010000001000000010
000000000000000100000001000110010011001000001001000010000000000010000000000100010000001001000101000
000000000000000111000000000000000100000000001100000000010000000100100100001000100010110001000000100
000000000000100100010010100000011000000000000000000000010001001000000000000100001000010100001011000
000000000001000001111000000000000000000000000000100001011001001000010001000010000000000000000000010
000000000001000001000011010000001011000010000100100000000000010000000000000001101100000100000001000
000000000000011000000100010000000000000000010000000001000100000100000011001001100000000001000000000
000000000010100000000001000010010000000000000000000100101000000100000010110000001100101010000100010
000000000001010010100000100000001001000000000010001000110100000000000110001000001100100100010000000
000000000010001000000100110000001010000000000001001100000100010000101100010011111100000001001000000
000000000010010000000000100000101000011101000000010001101110010000100000110000100100100000110000000
000000000001000010000110001000000010001000001000000000000000001000000001000000000010000001000001000
000000000000000010100000001000000001000000000000110010000000000000000100011010000000001001000001000
000000000000000000010000011001000000100110010000100000001011000000110000000100000001000010100001000
000000000001010100000100010000000010100000000010111010000001000000000010000000000100001000000011000
000000000000010100000010000001100001000000101010001011010000000000000000001000000100010000000101100
000000000000000000000100000010000000000100000100010000000000010000100000010100000000000100010000110
000000000001000100010000011000000000001001000001000000001000000100010000010010001100001111010000000
000000000010000001000000010001000000000011000000001110000000100100000000000000000010000000000100000
000000000010101000000100001011000000010011000001000000000000000000110100000000100110010110000010010
000000000000000000000000100000000000000000000000000000010010000010000000000100001000000110000001000
000000000000000010000001001110000000000000100010001000000000101000000001100010010000101110100101100
000000000000000001000100001000000000010100010000100000000101000100001000000100010100010000000000000
000000000000000000000010101000000000000001101000001100110001000000000001100000000000100011101000000
000000000011000100110000000010000100101001100000100001000000000000000000111001000011000000000010000
000000000000000000010010101011000000100011000000001100111010000011010000100000110000000000111000000
000000000001000000000000000001001000000001000111110011011101000010000001010000000000101000000000000
000000000000110000000000001000100000000001110000000000010100001000100001010000000000000000000001110
000000000011010010001000000011010010110000000000011100000001010100000000000110000001101000100000000
000000000010000010001100100010101100000010010000001000000010100010000000000010010100010110001000000
000000000000000010100010011100101010000000000000001000010000001001000100000000000000000001000001010
000000000000001000101000000000010010000000100000000100010000000000000010000000000000000100000001000
000000000000010000000000000000000100000000000001000000101000100100000000000100000001000001011000000
000000000000100010000000000000000000000000000000100001000000001000001110010011000000010000000001000
000000000000000001110000110000000000011001000011000110011000000000000000000100001000010000001000010
000000000000100000000000000001010000100100010000000000010010001000000000000000001001010000000000000
000000000001000000001001000010000010100010100011000000000100100001000010010000000100001010000000000
000000000010000000000010000000000000100000000001000001100000010000000001010000000100011000100000100
000000000000101100001000111001000000000010000010000001000000010010001000000100000001010000100100000
000000000001000000000000100010010100101010000000000000000010000000010000100101010000100100110000000
000000000010000000000000000010000000000000000000010000100100001010010100000000000101000000011100110
000000000000100000000100000000000000011001000110010011100111010100000001000000000001000000000000100
000000000001010000001000001100000000000000100000011000000000000001001010000001000010010110000000000
000000000010000000000010000001001000010010000010001011000000000100010000000111000010000000000000000
000000000001000001010000000000100000011010010000011110101000001000001000110000000000101000100000000
000000000010000101110001000000100010000000000000000000001001001001100010110000001100001000000000000
000000000000000000100101001000010010101000000000010000010001000110110000010000100010000010000000000
000000000000000001000110010000000010010000000000000000000010000001000110100000000000111000000000000
000000000000000000000000000000000000000000000000000000000000000000000000000000000000000000000000000
0 0
98 98