99 99
000000000000000000000000000000000000000000000000000000000000000000000000000000000000000000000000000
000000000000000000000000000000000000000000000000000000000000000000000000000000000000000000000000000
000000000000000000000000000000000000000000000000000000000000000000000000000000000000000000000000000
000000000000000000000000000000000000000000000000000000000000000000000000000000000000000000000000000
000000000000000000000000000000000000000000000000000000000000000000000000000000000000000000000000000
000000000000000000000000000000000000000000000000000000000000000000000000000000000000000000000000000
000000000000000000000000000000000000000000000000000000000000000000000000000000000000000000000000000
000000000000000000000000000000000000000000000000000000000000000000000000000000000000000000000000000
000000000000000000000000000000000000000000000000000000000000000000000000000000000000000000000000000
000000000000000000000000000000000000000000000000000000000000000000000000000000000000000000000000000
000000000011000000000000010101100000010000000001000101101000001000000011000000000000000001000000100
000000000000010000000000011011111000101010000010011000100100000000010000000000000001010001000000000
000000000001100000000000000001000100000100100000100000000000100010101001000000010100000100000000000
000000000000010000000011001001000100001010100000001101000000010100001001001100001000000000001000000
000000000000011000001000100000000010010110000010000010000000110000000100011000100000000010001100000
000000000000100110000100000000100001000000000000000001010001000000000000000000000001010000001100000
000000000000011000010011101100001000001000100010000000000100001011000000001011000000000000001011100
000000000000011000001000000000001001000000000000001000000000000000000100000000000100000000000001000
000000000000000000100001100000001001010011011000000000010000100100000000000100000000100000000100000
000000000000100001000010001010001000000000000000011001010000100000011100000100001000000100000001000
000000000000010000001110000110001000001100100000000010000000000000000001000000000000001000000101100
000000000001000100000000000000100000100000000100000000010000001000000100000111000000110010010100000
000000000000000000100000000000000000000000000000000000000000010010100000000001000111001000000000110
000000000000010010000010000000000001000000000000000000000000000000011001000011100000000000000100110
000000000000001101000010000101000000001001000010010000001000101001001000101100000100011000000000000
000000000000001000010000000000000000010000100000010010001011000000011001100000010000000000100000000
000000000010100000000100000000000000100011000000000101100001100000001010011101100000000100010000000
000000000011010100001000000001000100000000100001000000010100001100001000000111010010000011001010010
000000000000001010000000001000000010000000000000000000000001010011010010000000000010000001100100000
000000000000000100000000010001000000100000001101000000000000001000010000001010001000001101100000000
000000000001001000000100000001100100000001001101000100000100100010000000000011000101000000100100100
000000000000100100001010010001000100000000000000000000010000001010001000001010000000011101000000000
000000000000000001010001001100100000011000010000000001001010000011010001100000100100011001000000100
000000000000100000110100110110010000100000000101101100100000000001000000100100001000010000001001000
000000000010001100010000000010000000110000000000000100100000010000001000000000100000001000000000000
000000000000000001001000000010000000000010100000100000000000001000100101100000000110001000001100010
000000000001101000010010000000010000000000000100000000101011000100000001000000001000001000000000000
000000000010000000110000010000001100001000101000000100000101100000100010000011000000010001000010000
000000000000010100000100101000000000000000100000001000001000100000000000100000000010000000110000000
000000000000000000000000000000010010000000010000000010000000010000010001001000001000100011000000000
000000000000100000000011001100000000000001100100010000001000000000000000000010101000000010000010000
000000000010100000000010100000000000101000100010001000000000100000100000110110100000000000000000000
000000000000000000101001000000010000010000001000001000010000000001000001000001000001000000000000000
000000000000000000000001000010010000000010000010000000000000010000000000000000000000000000000000000
000000000011000100000000000000000000001010010000100000011100000001001001001001000000001001100000000
000000000000000001100100000001111000010101000000001010000000000010000011000001100010100000100000000
000000000001010001011000010100000100000000100001001110010000000101001000001000010011000000001000000
000000000010100100000000000110000001000000110010110010100000000010011000100100000001000000000000000
000000000000000101000000000010001000001000010100000000000110001110100000110000000110000101000001010
000000000001000000010000000000000010000000000000000000100010000000010001001000000000000000000000000
000000000000000000000000110000010100010001000001011000001000000001100010000000000000000000000001010
000000000000000000010000000000000000011000000000000110001001100001000100000000000000000010001000100
000000000000000000000000100000000000000000000001000000100100100010100000000001101101000000100000100
000000000000101100001010000010000000110000010110001000000100000000001000000001000010010001000000100
000000000001000001001000010010001100000000010100000000000000000000000000001000010000011000001000110
000000000000000000000000000000000000000010000010000100000000100100000010000011000000000000010110000
000000000011001100100000001000010000000000000000000110001000100101001000001010000100111000010000000
000000000010000001010001100100011100100000000110100000011000001100101000100100010000000000000100100
000000000001000000000010000100000000001000100000010001111100110000011000000000000000100010010100100
000000000001010110011101000000000100000010100100000100001010010000010000010010000000100000010000100
000000000001010000000000000000000000100000001010101001001001000000001110000001001000011000000011000
000000000000110010000000000010001000001000001000000000000000111000101100010000000000000010001000000
000000000000101010000000001000100000000100000100111000000000001001000001001000000010001101101000000
000000000011100010000010000001000000000100000010000000000000010000000001000001000010000000100011000
000000000001001000000000000101100000000010000001000001001100101001000101100001000000000000000100000
000000000001000000010000001000000111000000010100100001100000011000000000000000000100110001000001100
000000000000110000000100110000000100000001000000001000100000000001101000000100100100010000000010100
000000000000000000011100000000100000100011000000001010000001110000000000000000000000001100010101000
000000000001101001000110000010010000000000000001001000100000000001000000000000001000110000001100000
000000000011000011100100000001100001011000000000001000000010101010100000000000101000010000001000110
000000000000000001101110010000110100100001001010000101000010010000000001001001001001010000010000000
000000000000000000100100011000010000001000100000001000001000000100000000000000101000000001000100100
000000000000000000000010000000100100010011000000100010001001010000000001100100010001001000000000000
000000000001000000010000000010011010000100000000000010110001001000000000000010100000100000010000000
000000000010011100000000000011100001010000101001100100100000000000000010001010010000001010101011000
000000000000000100100000000000000100000000000000110000100001000000001011000100000000000101000000000
000000000001011100011000000000001100100010000010000000110100010010010000000101001000100100001000100
000000000000101001000100000010000010000100100001010011000000001000000111001010000000100010000000000
000000000000000000010100001000000000001001000110001000000000100000000000001101100010100000100001010
000000000000000000000001000010010000000000000010000000001000100000111000010001010100001000001000100
000000000001000101100000010000110001001000010000101011010000000010010101000000001010000000000000000
000000000001100011100001010000000100001000111000100000010011000010001101001000001001000101000000000
000000000000000010000011000010000000000000000000010000000000000000000000010000000000000100010000010
000000000001000000111010000001000000000100000000010000001011100000000000110001100000101110000010000
000000000000010000010000000001100000100000010100000001000000000100000000100000100011000000010000010
000000000001000001110000010010001001000000001000010100000000000100110000000001000000001010001000010
000000000000000100000001100010010100000000001000001000000001000000001100010010001000010001001000000
000000000010000000110001000010000000011000000100100100000011000000010110010000101001010100010000000
000000000001000000000001000000000000001010000000000000000001000100000000101000010010000110100000000
000000000000000000000000001100000010000100000010000110001000010001001000101000000000010000000000000
000000000000000000000010100101001110000010000000001000100000010010100000001000000000101001000010100
000000000010000100000110010000110000010100000000010010001000000000000010011000011000010000111001000
000000000000100100001000000000101100100001000000000010000001000000000100011000001101100000000100000
000000000000000000001000100000110000100000000000001000000000000000110100000000000000001000011001100
000000000001000000100000000000101111000010010001000000010101101000000100010000100001100001100010100
000000000000000001000000010000011001000000010000001000100000000010100001000100001100100000100000000
000000000000000010001000100000100000100000000000000000000000100101011010010100001011100000001000000
000000000000000010000000001101000001000000100010000010001000010010001010000000000100010000000000110
000000000000000000000000000000000000000000000000000000000000000000000000000000000000000000000000000
0 0
98 98