99 99
000000000000000000000000000000000000000000000000000000000000000000000000000000000000000000000000000
000000000000000000000000000000000000000000000000000000000000000000000000000000000000000000000000000
000000000000000000000000000000000000000000000000000000000000000000000000000000000000000000000000000
000000000000000000000000000000000000000000000000000000000000000000000000000000000000000000000000000
000000000000000000000000000000000000000000000000000000000000000000000000000000000000000000000000000
000000000000000000000000000000000000000000000000000000000000000000000000000000000000000000000000000
000000000000000000000000000000000000000000000000000000000000000000000000000000000000000000000000000
000000000000000000000000000000000000000000000000000000000000000000000000000000000000000000000000000
000000000000000000000000000000000000000000000000000000000000000000000000000000000000000000000000000
000000000000000000000000000000000000000000000000000000000000000000000000000000000000000000000000000
000000000000010100010100000000000000010010001000000000000000001000000110011000011100010100010000000
000000000000000010000000000100010100000001000000000000001000110100000001000000010100010000000000000
000000000010001001011000000010001101100100010000000001110000010010000001010010100000000000000110010
000000000010000010000000000000101010101000001000000100101000001000000100001010100000000000000000000
000000000000000001100001010010000000000001000000000000000000101000000000010110100100000010000011010
000000000000000010110000000100011000000001100000000100001010000000000010100000000001000001000100000
000000000000001000010100000000010101001000000000000101001000010001001000100100000000010100000000000
000000000000100100000000000011011001100001011000000010000000010000000000001100100000000001000101000
000000000010000000001000010000000000000000010001000010100100000000000010010100100101000000000100010
000000000000000010110100000000100100000000000000010010000001000011100000001000000000100000000101000
000000000011010100000100000011000100000001000010000000000000010101010000001000000000001000000000000
000000000010010101000000110010010100000001000100010000000101000100000010000000000000011001001010000
000000000010000101001010000000000000001001000000011100000000000000100000000000010000000001001101010
000000000000010010000011010000000000000001000010100000001100100011001000010110100000000000100000000
000000000000000000010000000100000001000000010000100111010000001100100000001100100001000011000100010
000000000000001000101001000001000000000001010001100010010000100000010000001000100000000000000000000
000000000000000000000000000000101000000000000000000000000000000000010000000000001000000010000101000
000000000000010000010110000000101010000001000011110100000000000000001010010100000000100010001001110
000000000010000110000010000000000010000000101000100010010100011100101000100000100000000000000000100
000000000001000011011101100100001000101010111000100010000100001000000111010000100100001000100101010
000000000001101010001000010001100000000100010000010000100000010000000010000100001000110100001100000
000000000011000000000000000000111001100011011101000001110000001000101110000001100000100010000000000
000000000000001001100000100000000000010010110000000000100000010000010101010000000000000000000100000
000000000000000000001000011101000000101010001001010000000001001010010010000100011000000111000000000
000000000011000000010100100010101101000100000000000100100000000001000001000100000001000000010001000
000000000011100000001000010000000000100000010010110001000100000010100000000000000000000000000101000
000000000000000000001000110010000100010000010100000100000010100101000000001000001000110001110000000
000000000000000000100100000100110010100010111000000000000000011000000100100000000010001001000000000
000000000010010100000000100000001000101000101100000110010000010010000010010000010100100000000000000
000000000000000000010000101100011000000010000011000010100011000000000000010001111110000000011101110
000000000000000101010000010010001000000000000000100001000000000101000010010000000100000000000000000
000000000000000100000000000101011000100100000000000000011000010000000000010100100010000000000000000
000000000000100001000000001000010000000010100000000000101000000000000011100000101010001100010000000
000000000001010000001010010100100000001111000001000000000000000000001001000001000000100010100000010
000000000010000010010110000001100000000001000100001010000010100000110001000010011000010011110101000
000000000011000000001000000000000000000100000000100010110000100000000000100010110000011000000000100
000000000000000000000010100000000110000101001000011000000000010100100000001001000000000001010011010
000000000010100000000001000000000001000000010001100000000000000001000101001000000001000010000001010
000000000000000010000000000000100010001001000010100000000010000100000000011000000100010000000001010
000000000010000100100001110010101010010100101000100100000000011001010001000010010100000100000000000
000000000000110010100000001100010000001000011010101010001000001000000000010000100000001000001000000
000000000001000000011000000001000100101111101000000111000001010100000010010100000010010010100000100
000000000000100001000000100000000010010101000010000010100000010001010010001001000011000101011100000
000000000001000100000100000010110010001000000001010111011001000000000000000100010000001001100010000
000000000001111000001100000000000100000000000100010100000001000100010100000000001000010001001100100
000000000000000110010000000011000000100000000100100000000000000100001001010000000111100010000000000
000000000000100000101001110001000010100100000000000000000001000000100000100000010000000010000000000
000000000010010011011001100000000001001001000001000000010010000000000000000000000000000000000000100
000000000000001000001010000010010000010110000100010100001100010001000000000000001000100000011000000
000000000010001000000100000101000110000100000000001000000000011001000000100111000000101100100000100
000000000000000000000001110000010000100000100000100000001000000000100000000010000100000101000001000
000000000000000000000001100000110111000101000001001010001010100000000010100100001000100000000000110
000000000000000000000100101100000000101000001000000000100000000000000000000000100000000100010000000
000000000010000110000001111001000000001000100010000000010101010101100010000010000010000001100100000
000000000001000001100010000010000000000000000000000000000000000000000000000000000011101100000000100
000000000000110100001000101001000001001110010001001000100000000000100000010010000000000001010011100
000000000010100010000011100100000100100000000000000000000000000000001001100000000000100010010000100
000000000001100000000000000000000000010001000010000000001011010001001100010100000000010000000000100
000000000010000000000000011000010000000100011000000010001010011101000000000000000000001101010001000
000000000000010000000001001100000100001000000000001001000000000100000010001000000000110000000000000
000000000000000100000000001001001000100001010000001000000000110000000001000000001000000011000000010
000000000000011000000000000100010100000000000110100000000010000000000100000000000000000000010000000
000000000000000000010000000000001000000100010000100000101010001000000001000111001100111010000110000
000000000010000000000000100010000000100100000000001100110010100001001000000110000000100011000101000
000000000000000000010100100100001000011000010000110001000000000010101000001000001010000001000010000
000000000010001000000000110000001000010010000001110000011000000000110011000000100000000111010100100
000000000000000100000011011000000010001001101000010010101000000001000110000000000000101010000001000
000000000000110001000000101100000000000000000110000100010000010101100000000001000001001010010000000
000000000000000000000000001100000000110000000000000000100001011000101010000000100000000001000000000
000000000001000000010011001100001000100001000000000000000110010110000001100110000000001000000001000
000000000001000100010001000000000011000010100010000000010000001000010100000000010010001000000100010
000000000000101000000000001001000000100000010101000000000000010000000000000100010100001101000010000
000000000010000011000000110010000000000000000000100010000000001001000001000000010000000100000000100
000000000000000000100000000000000000000011100000011100000001001000100000000100101110000000000100010
000000000000011000000000100000000000000000110000000010000101001000000000100100000000110010000001010
000000000000100100000000000010000000010000000010100000100001000110100000000001010000000000000110000
000000000000000001000000000001000001011000000000001000001001001000010000000000100000100010010000100
000000000000100001011101000000100000000011100000000000000011000001010100100101011100000000000100000
000000000010000000110001010001100010000000000000000000000001000000000100000000000001001000010000000
000000000000001001100000000111010001000000011000100000100010000000010100001000001001000010100010000
000000000000001000000000010101000010011000000000000000000000000000000000010001000000100000010000000
000000000000000001000100000000001011111000000001000101000100001100000000010000001000000010011000000
000000000010100100010001000100110001000000010000010100000000010110010000000101011000000000000000000
000000000000000011000000001000000000000000010100000000000100100100000000001000010000100001001001000
000000000010000100100010000100100100000100100001010000000101000010000000000110001100001001000010000
000000000010000010000001000001000101100000000101010000100010000011100100100010000100100000001000100
000000000001010001100001000100001000000000001000000011010011000110000000010001000000000000100100000
000000000000100011000000000000000001100001001000010000000000000000000000000011011010001000000000010
000000000000000000000000000000000000000000000000000000000000000000000000000000000000000000000000000
0 0
98 98