99 99
000000000000000000000000000000000000000000000000000000000000000000000000000000000000000000000000000
000000000000000000000000000000000000000000000000000000000000000000000000000000000000000000000000000
000000000000000000000000000000000000000000000000000000000000000000000000000000000000000000000000000
000000000000000000000000000000000000000000000000000000000000000000000000000000000000000000000000000
000000000000000000000000000000000000000000000000000000000000000000000000000000000000000000000000000
000000000000000000000000000000000000000000000000000000000000000000000000000000000000000000000000000
000000000000000000000000000000000000000000000000000000000000000000000000000000000000000000000000000
000000000000000000000000000000000000000000000000000000000000000000000000000000000000000000000000000
000000000000000000000000000000000000000000000000000000000000000000000000000000000000000000000000000
000000000000000000000000000000000000000000000000000000000000000000000000000000000000000000000000000
000000000001000000000000000000100011100000111011000000010000001000000000011010000000001000000100100
000000000001100101000110100100010000001000000001001000100000000010000110100000101100010110100000000
000000000000000000100000110100000000100000001010010100010001101000100101010001010000110000100000000
000000000010001000000000101000000001010001010010100000010000010000001000000010000001000000000000100
000000000011010000000001000011000001100000000000000000100010100000010010000101000100000000110100010
000000000010101001000000000010000000000000000001100001000001010100100010010000100000000001000000000
000000000010100000000000000000000001011000001000100000001001000000101010000000000000000010011000100
000000000000000000010000100100001000000100011000000000000001010100001010000000010001000000000000100
000000000000000000000100010100100000000111000000001100000100011000000010100000000000000000101010000
000000000001100100000001000100001000010000000010000001000000100100000000000000000110000100000000000
000000000000001010001000000001000001100001100000000001010001000101000100000000000000000001000001000
000000000000001010000001101000010000000000000000000000000010000100001000000000000000000110000100000
000000000000001000000000010010000100010000000000000100110000000101000010001101000000010010101000110
000000000011000000010100110010100100000110000001110010100011000000001100000001000010000000010001100
000000000001000000000000011100000000010000000100010000111000010000000000010100001110001001000011000
000000000010000010100100100001010010001001001000001001100000000000000000000111000000000000000001000
000000000000010000000011101100010100000001000000001000000000000000001101001010001010001001010110000
000000000000100000100100101000000000000001010000100000000001001100000000000000011000000110000011000
000000000000000000100000000001000000000100000000000100000000000000000101100000100000010000000100110
000000000001001110001000000000000100000000100010000000000010100000100110000000101000010100001101010
000000000000001000100000000000000010000000101010000000000101011000100000011110100000000000001010000
000000000010100100001000110000000100010000000010000101010110001000000000000000001000000000010000000
000000000000000100100000101000000010010010000000000000001100000000000010000000100010000000001001000
000000000011000000000000000000001111100010110010000000000001000110010010000000000001010010000000110
000000000001101100000000000011110010111101100000000000100000101000100001000001100100000000000000000
000000000000011000001000010000000000000000000001000000011000000000010000000000000000000000000000000
000000000000011101000001000000000001001100001100001000100000010000100000001011000110000000000000000
000000000000000001101100000000000001100010000000000010001011001000000010001000000010000110001000000
000000000000000000100100000010000000001000110101100010011000000010000100000000000000010000001000000
000000000000101010010000000000010000000000001001000100000010000101000100100101101010100100100000000
000000000000000001000000000001000100001001000011000001000100000101000000010010100000000011010000000
000000000001100001001000000100000111001001100010010000100100000000100001010000000000001000111000000
000000000001110001000000000000000101101010000001100001011000000100010000001001101001000010100001000
000000000010101000000000000000000000001000000101100000000001000010100100100000100000000000010000000
000000000001010100010000010000100000000000000101000010000000000110000010100000000001001000100000000
000000000001010000000000001010000100100000101101000000000100001000010000000010000010001100100000100
000000000000000000000100000000011001000000010001100000001000000000000000000000010110000100000010000
000000000000101000000000000000010101000000100010001000000100000000000000110001001010000100000010100
000000000000011100100000001010000000001001000001100001001000001100001011000000010001010001100100100
000000000000000000000101001001000010111000000010010100010000100100010000101010000010000001000001000
000000000001000000000001000000000000000000001101000010000000000100000000000010000000100000000000000
000000000001000000000010000000100011100000000100111000000001001101010010011100000000010000000000000
000000000000100000000000000100001011000000001000000000100010000001000000010000000000100001100000000
000000000000000010010010000000000000001100000010000000001001000100010101000000000001001010000000000
000000000010010000011000000111001000101000000000011010100000001000000001000100000000000001110000000
000000000010010000000001100001101011010000000000000000100001000010010100000000000001001010000000000
000000000000000000010010000001000001011000001001100000100010100000000011010000000000010100000010000
000000000000000000000000001100101111000000100100000000000100011000011000000010000000100100010000000
000000000010000001000000000101000000000010000001000010000000110110000100010000000101000000100001010
000000000000001001000001000000010000100000000000010001000000000100000100010001100000000000000000000
000000000010011000000000000000000010011000000000001001000001100000100001000000100000010001000001000
000000000000000001000100000000000010100000100000000000000000000000100000000100000100000000000001010
000000000000000000100000010000001010001100000000000000101000010000001010010010010000000000000001010
000000000000110101011000000110000010100011100100100000000000000000100010001000001000100000000000000
000000000000000000100000111000100111000100000000000000000000101000110100000010000000000000000000000
000000000000000000000000000100100010010000011000001000000000010010001010001101000110100000000001110
000000000000010100000100100000000000001010000000001100010000000001000001010000000000010000000000000
000000000000100000000000111010001001010100000000011000000010000000010000000000011000001010001010000
000000000000000000000101000100000010100000000000000011001001000000000000000000001000000001000001000
000000000001000100100101000100000010001010010101000000000100100000000010100000001000000001100110000
000000000000000000001100000100000000100010100000000000110010000101001010000100010001001010000000010
000000000010000001010000100000100101001100000010001000000000100000001001010000000000010000001110000
000000000000000000001010001000000101110000000010001000010000000000001000000000010000010000011000000
000000000000000000100001000000000000110000000010000000001001100000000010001001100000101011100100000
000000000000000100011000010000100000010000000000000001000000100010001000000000011000000010000000000
000000000000000100000001000000000110001100000000100000100000001100000001100000010000001010001000000
000000000000000000000000000000000010001101000001011000100100000000010000000000100100000011101000010
000000000001000000001100000101100010000000100110100101000100010000000000100000001010000000000000100
000000000001010000101000000000000110100010000100000000100000000010010001110001110000010000000011100
000000000000011000000000011010000000000100000000110100000000010000000000000001100100000010101011000
000000000010000111100000000000001000000000000010100001000000100001000000010010011000000000110000000
000000000000001000001000100001101000001000011001000000000000001001000100000000000000100000000010000
000000000010001010010011001001001000000000100000000010000010000110001000001001000000011010100000000
000000000001100010000100000000100101010000000001001010010000100110110000000100000010100101000000000
000000000010000001000000100000001100000011000000000000000000010100110000000000100010000000000100000
000000000000001000000010000000110100110100000100100000010001010000110101000101000000000000000000000
000000000010110000000000000001001000101010000010000000010000101000000000110001000000100100010001000
000000000001000000001000000001000110000000010000110000011000000001000110000000000000000000000000000
000000000000000000000000001000100000001000000001000000001000000000101101101000000010000100010000000
000000000010000010000000000001010000001000000000000000011000000100000000000010100010000000010100000
000000000010000011001000000000000010000000100010000000001001100000000000000000100101000000000010000
000000000000000000110001000010000000100011100000011000011000000010000001111100011011100010000000000
000000000000111100001000000000010000000000011100011000000000100001000100100001000001010000010010000
000000000000000000000000110000000000000100000010000001001000011001000000000001011000000000100000000
000000000001001010000100001000010000110011000000100000011000001000000000100010000000111000000000000
000000000010000000000001000010001000000000110000000000011100000000100000010001100000110100000001000
000000000000001000110000100000001000000000000000000010000000000100100000000010100000000101110000000
000000000000010000000100000001100100000000010000000000100000000011000100000100001100110000100000100
000000000000000000000000000000000000000000000000000000000000000000000000000000000000000000000000000
0 0
98 98