99 99
000000000000000000000000000000000000000000000000000000000000000000000000000000000000000000000000000
000000000000000000000000000000000000000000000000000000000000000000000000000000000000000000000000000
000000000000000000000000000000000000000000000000000000000000000000000000000000000000000000000000000
000000000000000000000000000000000000000000000000000000000000000000000000000000000000000000000000000
000000000000000000000000000000000000000000000000000000000000000000000000000000000000000000000000000
000000000000000000000000000000000000000000000000000000000000000000000000000000000000000000000000000
000000000000000000000000000000000000000000000000000000000000000000000000000000000000000000000000000
000000000000000000000000000000000000000000000000000000000000000000000000000000000000000000000000000
000000000000000000000000000000000000000000000000000000000000000000000000000000000000000000000000000
000000000000000000000000000000000000000000000000000000000000000000000000000000000000000000000000000
000000000010000001000100111000101011000000000000100000000000100011100000000100010000000000000000000
000000000000000001000000000000100000000000000000000000000001000101000010000000010000100000000000000
000000000010001010000001000000000000001000010000110010000000000001000010010000000100000010000001000
000000000000100000000001000001000000100011011100100001010100010000010001001100001001100010000000000
000000000000000000000001000100010110001010000010110100010010011010000000011010000100010000100000000
000000000001100010011000000000000100010001000001101010000010001000010101000100000000000100100110110
000000000000000101100000000100100000011000001000010000010001001000000000000010000000000000000010000
000000000000000010101000100000000000000100001000000010010010001001000000000000010011001000010011110
000000000001000000000010100000000000000010000001000000000001000010010100100000000011010000001000100
000000000000010010000000000000101000000010000000000000001000001100000100000100000000100000001001000
000000000001100000001001000000010001100001000000000000000010001100000010000010100010100010000101010
000000000000000000000000010000100100100100000100000000000000000000000000000001000100001000000001000
000000000000001000100001000001000000001000100001001101100110000000000000100011000000000101000000000
000000000000000100000110010001000000000000101000000000000101001001000010000100000100000000010010010
000000000000000000000010001100101000011100100000001001011001011010000000001001000000000101101011000
000000000011000000101001000110010000000000000000010000010001110100000101000000000100000000001000000
000000000000001000100001000000000000000000100000000000000001010010000100001010000000000000011000000
000000000000000000000000000000000000000000100000000010001000110010000010001010010001000000101000000
000000000000000000001100000010100000000110100000110000010000000000000010000110000000000001001000000
000000000000001100101010000000000011000000000000111100000000011000001100000000110000000000000100010
000000000001010001100000000000000000100010100010100000000101010000001010000000100000000001100000000
000000000000000000000000000011000001000000000000000011000000000000010100100001100100000001000000110
000000000000000010000100000000100000000010000110001000000000011001000000100000000000000100001000000
000000000000000000010100000000000000000000001010000100000000101010000000100100000101000000010000000
000000000000100010100000100010000010011000100001010000101000000010001000010000000000011100000100000
000000000010000000001010000111000000000000100001101000010000000000000011000000000000000001000011000
000000000000100010000000000000011100001100000000000000001000000100000000000000000000001001000010000
000000000010000100000000000000000000000010110100000001000010000000110000001010000100101000000010100
000000000000000001000000000001001100000000000000000000110000001001000000000000000100010000000000100
000000000000101010000000001000000000000011000001000000101100000000000010001000010010000001000100000
000000000000110000001000000000000000000001000000000010001100000001011000100000000000010010001100000
000000000000001110100001000011100000001000001000001000000001000101000111000100000000000000010000000
000000000000010000100000110111000010110000010100000000000000000000000001100010000100000001000000000
000000000000100000010110011001000000010100000000000001000000000000000110011000000000010010000000000
000000000000000100000000000010000000000000000000000001000010000000000100010000000100000000100100000
000000000000001101010010000000000000100001000001000000000001010000000000000110101100010001100000000
000000000001100000000000010000011100000000010100010001000000001100100001000000000000100000010001000
000000000010101000000100000010110000000100111000111001001000001101100100110000010000100100001110100
000000000010000001000001000001101001010010000000000011010010000000000000000000010100000001100000000
000000000010000000010000000000001001010011000001000011100000000001001010000100100000000100100011010
000000000000000101001000100101010000000000000000010000000010010011000001100000000000001000101001000
000000000000000000000000000000010100000001001001001000010100010101000000000001001001000001001010000
000000000000001100100011000000110000000001100110110000000000000010101000010000000010101101100000000
000000000000000000100110000000001000001000010000000000001110010000000000000000000100000001000000100
000000000001000010000000010001010100000000000000100011000001010110000000011100011000100000000100000
000000000000000000101000110000000000110000111111001000010000101001100010000010100101000100000001000
000000000001001000000000000000001000100000110101000000000011100010000110000100000100000000000100000
000000000001000001000111000100000100000100000011000000000000000000100010000000000010100000000000000
000000000000000000010000000010000001010011011000100000000001000100100000011011110000000001000000000
000000000001011010010010010100001001000100100001001010000000000000000100000100000000000001000000000
000000000000001011100100011000100001000010000000000001000000000000000001010010011010000100000000000
000000000000010110010000001000010000100110000010000100000000000000000000111000000000001000101100000
000000000000111000100011000110000100010000001000010000000001110010000101110000001010000011000001100
000000000011000001000000000000000000000000010000111000000001001000000111001000100010000000000100000
000000000000000000010000001010000001100011000000000010000000100001001000000000101000011100001000000
000000000001110100010010000101001000010011001100100000000010100101000000000011001000000000011000010
000000000011010000000101100100001010001000000000000011100000011000000000001010000110110001000010000
000000000000000010101100000000000100001100000010000000001000100000010000000000000000000000010000000
000000000001001001001010000101000010100000100100011000111000000000000001001010000000101000000100010
000000000001000110000100000000000000000010001001011000001000000000000000100010000000000000100000010
000000000000000110011000010001000010000100100000100000011100000000000000001011100010000001001001000
000000000010001001001100010000000001000000000100010000000100101000100110010100000000000000000000000
000000000010101000000010001000100010100001010100111000000100000000100000100100000001010000100000000
000000000000000000000000000000001000000000001100000000010010010000100000000000000000000100010111000
000000000001010001000010011000000001100001000000010000001011000000100000100100000000000000000110000
000000000001000001100100100000001000010000000001000001100001010000010010100000001100000001000101010
000000000011001100010000000000001010000011001000000100110000010101001000000001000000000000000000000
000000000000001000101000100000000000000000000100100000011100100100000000011101000000010000010101010
000000000000001000000000000000000100011000101001010000000010010100000000000001000001000000001001000
000000000000100010000000100001000000100101001010011101001010100000000001010000011000011001110001000
000000000000001100000000000110000000000000001000100000001000000100100100010000000100000000000000000
000000000010000000001000000000000100000000000001000000010001000100101001000010100001000010000000000
000000000000001000100011110000001000110000000000110001011000000000000000100001100000100000001011000
000000000001100000000000000000100010000000001000000110101000011000000010001111111100101110000010010
000000000000000010001000000001000000011010010100000000000001000000001001000010000000000100000000000
000000000000000000100000100101010111010000000000000000010000011010000000010000100000110100101000010
000000000000010010011010000010000000000000000000001000000010010010001000000100100010001010100001110
000000000010011000000000000001010000001000000000100010001001011000000000000100000000000000010010000
000000000000110101001001100010000010110100100000000100000000101100000010101010111000100000010010000
000000000000110000000000000001000000100001000100000100000000001100000000000000000000100011100000100
000000000001000001000011000000000000000000000001110000000110110101001000101000100000000001000000100
000000000000000001011000000000000000011000001001000000000011000000100000000000000100011001100100000
000000000000000110100000001000011000000000100000000000001010001000010100000010010000010000100100000
000000000000010100010001011000000001000000100100000000010000100100000100010100010000000000000000000
000000000000000000000100100100000000000001000000000001000100000000000100010000000010001010000100000
000000000010011100110000000000001000000101000000000000100011000000000010010010010000100010000000010
000000000001000000001100010100010000001000000000001000001001000000000000010100101000110000000000010
000000000000100000100000100000001011001001000110000001011011010000000001000000000110101001100000000
000000000000000000000000000000000000000000000000000000000000000000000000000000000000000000000000000
0 0
98 98