99 99
000000000000000000000000000000000000000000000000000000000000000000000000000000000000000000000000000
000000000000000000000000000000000000000000000000000000000000000000000000000000000000000000000000000
000000000000000000000000000000000000000000000000000000000000000000000000000000000000000000000000000
000000000000000000000000000000000000000000000000000000000000000000000000000000000000000000000000000
000000000000000000000000000000000000000000000000000000000000000000000000000000000000000000000000000
000000000000000000000000000000000000000000000000000000000000000000000000000000000000000000000000000
000000000000000000000000000000000000000000000000000000000000000000000000000000000000000000000000000
000000000000000000000000000000000000000000000000000000000000000000000000000000000000000000000000000
000000000000000000000000000000000000000000000000000000000000000000000000000000000000000000000000000
000000000000000000000000000000000000000000000000000000000000000000000000000000000000000000000000000
000000000000000000100000000110000100010000000010000000000110101000001000100000001110000100000001000
000000000000010000010001000000000001000001000000100100010000000000000101000000010000000000001011000
000000000000010100010011110000000000100001001000100000000000110000100000000001000000100000000000110
000000000000110100010010010001000001100000000000000000000100100000000000101000000000001000001000000
000000000001001000100011100000000001000000000000000000000100010101100000000001100010010000011010000
000000000000000010001000001000000000010000001000000000100000000000100000000000000000000000000010000
000000000000100000000110010100000100100100000011100010110000100100000000001000001000000000100101000
000000000000000000001000000000000010100100001110000000000000000110010000000110000000000000000001100
000000000000001100100101000010000000000000100011010100100000000000101000000000000000110000000000000
000000000000001000000010000101000000000010000000000000010001000000000110000101000000001000000000000
000000000001000100000010000000100000001100000000001000000000000100000000000000000100000010010010000
000000000000100000000010111000010000000000000000011011100100000100001000000010000001000010000000000
000000000000001001100000010010000100001010001000000000000011000000000010000010010010000000100000000
000000000001000010000000010100001001010000000000001000000000000011000100000001100010001001001000010
000000000000000000000001000001000010000000011000000000000000100000000000000001011000011100110000010
000000000000001000110010001010001101001101100010001000000100011010000001000001000000010010010010000
000000000001100001010000001000110000000110001000110000010000000000010100000000000010000001000000100
000000000010000000000110000001000001001000100010010101010000000000010001110000010000101110010000000
000000000000110000000110001000010000000010100001000000000001101000001010000010000000001010010101000
000000000000010000000000000010000000000001000000010000011010010000000000000000000000001010000000010
000000000000000000000000001000000000000000000010110000000000010000001110000111000110000000000011100
000000000000001000110100000001000000000010001100101000010001000001100000000010001000011000001000000
000000000000010010001011000000000000000001001000100001100001111010100111000000001000000000100001000
000000000000000000001000010000001000011110000000000000010000000100001010100000000100100000101000010
000000000010001000101000100000100100000000100010000101100000010000100000000010000010010110000000010
000000000000000010001010000100000100000100000001110001100000100011000101000000001001011100000000000
000000000010010000010000000100110101000000000000000000010000001010000000000000000000100101000001000
000000000000100000000100010001000010010000010010000010000000000100010000001000000001010000000011000
000000000000000000000000000000010000000000000010000000100101010100110000100000111001000000011100000
000000000000000100000010011000111110001011000000001000000000000010011010100110000000000100010001000
000000000000001010011011000000001001000111010000001001000001100110111000010000010001000101100001100
000000000000000000000000010010000000010101000000010100000010010000000000000001000000100100000010000
000000000010010010110001001000000100010100100000100100100100101000000000010000000001010000100101100
000000000011000010000000100000000001000011000000001000000000000000000010100101000100110000100000000
000000000001000000000100000000000000000000101000000110000010010000010100000000000000001101110010100
000000000001000101100000100010001000001010000000000000000100000010000100100000001000011000000000000
000000000010010000100001010000000100000100000010100101000001010000101000000000000000000111010000000
000000000000000000010110100111001000000100101100000100000010111000000011000010100100110000101000100
000000000000000000010000100000010001000000101010000000001000000100100000000010010000011100000000100
000000000000001000000000110000001000000100011010000100010000100001000101100000010000001010001011010
000000000000000010011000001000000100100000001000100000000010000000000000000101000000010101000010100
000000000010000000010010000010000000001010000100000000010001000001000100000001000100000000000001000
000000000000001000010001000000100000000110000000110110000001010100000010000001001100000000010000000
000000000010000011010000000100011001100000000000000010000100011100001000010000100000000000000000000
000000000010000001000001000000100000010000000000000000001000100110000000000110000101000000100100000
000000000000100011000100010000001000000001000001100011000000100000000100110000000000000010000000100
000000000001000000000000000000010000001010000000010100001100011110001101001100000010000000100000010
000000000000000000100010100000000000000000000000010001000100000000000001010010000000000100100000000
000000000000100001110001000110000001010101000010100000010000100000010000000000000001000010000100010
000000000000000100001000001100010000011000001011001000000001000000010001010100011100000000100001000
000000000001000100010101000000001000000101000000000001000100100000100000000000000000000100001100000
000000000000000100010000111000110100100010000000011000101000000000000001011100010000000000010100000
000000000001000000001010000010010000000100000001100010000000100000000101000101001100001110110000010
000000000000011001000000000000000000000110110000010000010000010100000000100001010000001000010000010
000000000000001001110000110100000010010100001100100000000000100001000110010000010100000000001001100
000000000000010001001100000000100000000000000100000010000001000001000000100000000000000000110110100
000000000000100000000000001000010000000010001000000000000000000000000010010101001000100000000000000
000000000000001000000000111010100001000000100000100001100001011010000000010010000010101001100000000
000000000010100000000001000000000101000001100000000100000100011000100001010000000000000000001100100
000000000000000000000100000100000001000001100011000100000110101100101000000001001010010001000000100
000000000010000000010000001000110001000010000000000001100110001000000000100000100000000000010000000
000000000001000100000010100000000010010000000110000000100000000000000000010000000000100000001000100
000000000000000000101000100001000110000001000010000000000000000001000000101000001000101010010100000
000000000001010000000100001000010000000000010111010001100010000000000001000100010000111000100000000
000000000000100001000100010000000001000011001100101100100010100100010001000010101011000011000010000
000000000000000010000100000011011000001010000000010010000100010000000000000100000000000000001000010
000000000000000001000000000010001001100010100100010000000001000101000001001011000011000010000101000
000000000000101010000100001010000000000100000101000000000010100010000100000000000000110000000100000
000000000001000010111000000000000000000001000010110100000000000001000100100001000100000000101010000
000000000000001000000100000000000001010000000010001100100000000101100000000000000010000000001000000
000000000000100001001000000100000101000010000110100001000000000101000100001100001110001001000010000
000000000010000000010011000001000000011000010000001010010001010000000100001001000010000001000000000
000000000000000000010010001011000000000101100000001000001001010000100110010001000000000001000010000
000000000000010000000001100000110000101001000100000000010000010000011100100101000000000100000000100
000000000001000000011000010010100011000000000000000000001010001100000000000000001000100000110000000
000000000000000000000000010000000000110001000000100000110000000001010100000000000000000000100010000
000000000000010000000000000011100000000101000001000000001100000001000000001100010000000000110100010
000000000000001000010000000000000000000000100000000000000000000100010100000100001001000100100010000
000000000000000000100000000011000011000110000000100000000000000000000000100000001000000010101011000
000000000000000100000010011000000011001000001000011000001010000000000010000011001000001101000000010
000000000000001100000100010000100000100000000000000110001011000000000001000000000000000111000000000
000000000001010000000000000000000000110100000000000110000001001001000100100101000000000001010100000
000000000000001000010100010100000000001000000000011000000000010000100001001000110001011001001000000
000000000000000000010101100000000001001000010100000000000000000000000000001000000100001011001001000
000000000010010000000001001000110001000010110010010001000100000110000001000000111000000011000000000
000000000000000000100000101000101000000110010000001001111000000010100000000000000010001100001000000
000000000010010010011000100000001000000010010100001010001000011000000010000100000000000000110000010
000000000000010100000000100100010000010000000001010010010000100100110000000000010000001000000000000
000000000000000000000000000000000000000000000000000000000000000000000000000000000000000000000000000
0 0
98 98