99 99
000000000000000000000000000000000000000000000000000000000000000000000000000000000000000000000000000
000000000000000000000000000000000000000000000000000000000000000000000000000000000000000000000000000
000000000000000000000000000000000000000000000000000000000000000000000000000000000000000000000000000
000000000000000000000000000000000000000000000000000000000000000000000000000000000000000000000000000
000000000000000000000000000000000000000000000000000000000000000000000000000000000000000000000000000
000000000000000000000000000000000000000000000000000000000000000000000000000000000000000000000000000
000000000000000000000000000000000000000000000000000000000000000000000000000000000000000000000000000
000000000000000000000000000000000000000000000000000000000000000000000000000000000000000000000000000
000000000000000000000000000000000000000000000000000000000000000000000000000000000000000000000000000
000000000000000000000000000000000000000000000000000000000000000000000000000000000000000000000000000
000000000000010010000000000000000110000010000000000100000100000100000100000100000000100001010001000
000000000000000000000000100000010100000101100000000100000101000000001001000000100000010010001000000
000000000000000000000010101000000000000000011000000000001010010100001101000001000001000001000000000
000000000000100110000000000000000000010001000000000000000000000000110000000000000000000100000011100
000000000001000100000010000000000100111000000000010000000100000000000100000000100100000010001000000
000000000000000000100000010100000101000110001010000000000001010001000010000010000000001100000001000
000000000010100000000000110000001000000000000011010001100100000100001000010101000001000000000001000
000000000000000000001000001000100010001000010011100000000101000000000000000000000110011101000000100
000000000000001000000000100000000100010001101000101001001010000100001000100000000000111000000000000
000000000000000001000010000000001000001000011001010110001000010000000010000000001100000010100000010
000000000000011111000100110100011100000000000100000100010110000000100001100001100000000000000000100
000000000001000100001010000110100011000000000110001000000000010000001010001100000000000100000000000
000000000000110110001000110000101010001000000001000000010000001010000000100000100000001000001010000
000000000000000000000000011001010101001000000000000001100011001001000000010010001000000000000010000
000000000000100001000100000001100000110100000000000001000001000000100000000010010000100000001100000
000000000001000001000100110000011000100001010000001001000010110000000000000001111100001000100000000
000000000001010000000000000000000010001000100000010100000100001000000000000000000000000000001100000
000000000000100001010000000100000000001000110000000100110000000000000001100000110100000000000001000
000000000001000100110000110110001000000000000001100000000010001000100000100000000000000000001001000
000000000000001000010000000010000000010010100000100000000000000010100000100000000010010010000001000
000000000000000000001100001000000000100010100000110001000110000000001110100000100000000001000000000
000000000000010000001001100001000000100000000000001100001000001000000010001000000010000000010000100
000000000000000000010001010000100001101000000110001000010010001101001001100100000000000000000001100
000000000000000000000000001000100000010100001010100010000110000100000000000001000011000011000100000
000000000001110000010010010000000000000000101000000000000000000000000001010000000010000000000010100
000000000001001010000101000000000001000001000001000000010100100000000010000000101010000010000010000
000000000000100000000010010010000000100101000001000010100000100000000000000000001100010010100100000
000000000000000000000000100000101100010000111000001000010000000001010000001100000000000000000001000
000000000000000001100000000001000000000000001000101000000100000011010010010010101000000000000001000
000000000000001100000110001000010000000001000000000000001000000001000000000000000011001000100000100
000000000010000000000100000000001000001010000010101000011000001000100100100010101010000000000110100
000000000000000010000000000000101100001000101000001000000001000000001100010001001001001100010101000
000000000001000010000100100000000001000001000001000001000010100101100001000000000110001110010011100
000000000000011000100100010100000000100001000000000000001000001000001000000010000000100010000100100
000000000010010001010000011000000110010000000010000100100110100001011000100010000001010010010010000
000000000000000000000000001000000000011001000010000000000000000000000000000000000000000000001001000
000000000000010000100011000000000000000010010000000100001001000000000111010100001010000000000010100
000000000010010000010000011001100000001000100000000001000100000000000000110100000000101000010000000
000000000000100100000000100000010000000011001000000001000010110000000000000100010010000101001000000
000000000000100010000011000000100101010110000000101100000001000000110000000000010100100000011110000
000000000000001000000100100000000000001010001001001000101001000000000000100000010000000000000010000
000000000000000000000000001000011001000101000110111000101000011100000000000100000100000100000010000
000000000001011110011000001000000000100000100010000000010010000000010100000000000101000110011110000
000000000000000001000000000000000000100000100101000000000000100000000000010000001100000000000000000
000000000000000000000000001000010100010000000010011001010000000001000011000000000000000001100000000
000000000010110000000000001010000010000000000000000010000000000000001010100000000011100111000000000
000000000001000000001000100001000000110010001001100000110000110000001001010000010001001100101000000
000000000000000000111010000000000010100001110100000000000010011100010100110010110010000000000010000
000000000001000000010110110100100011100000001000000000000000001000000000000100000001001000000000100
000000000000000000000000001000010010001000000000000000100000101100010000001000000000000010000000010
000000000001010000100010000011000001000000000010000110011000000000000000010000000110100000011100110
000000000010000000000000001001000000001010001000000000000010000100011000000100000000101000100010100
000000000010000011101000000100000000000010100000001010000010010100111110000000000000000011100100010
000000000000000010100100001000011000100000010100110010000000010000001110000010000000010000000100000
000000000000000001010100000000010000100000000100000101000000011000100001000111000000000000001000100
000000000000100000000000100010000000000000100011011000000010010000100000001001000000000010000000010
000000000000111100100011011010000000000000110000010000010001000000010000001000000000000000001010000
000000000001000000001000000000000001000000000000000010100000010001001010000001100000000000000100010
000000000011100000000000101100100000010010000000000101000000100011100000001100010010000000110000100
000000000000010101010000000000001000010010000001001101100000011000100000101001100100000100000010100
000000000000000000100111110000110000000001100010101000000010000100001001011101001000000000001000000
000000000000001100000101000010001001000001011010000001000000010000000001000100010011101010000000000
000000000000000000001000000000010000000000000000101001000100000000100000000001001100001001100000000
000000000011100000110000000000100001010010010000001110001000100100010010000000010001010000000000000
000000000010000010000000101100010010000010001000001000000000010000000100011100011101000011000010000
000000000010101000000000000000000000000000000000000001100100000000000000001000000010101100000010100
000000000000000000000110001011000001000011001100001000000010000000001100100010000101000000011000000
000000000011000001010010001000001000000001011000000000000000000000000000000010100100100101000000100
000000000000000010000000110100001000100010001001010000000000001000000011110000010001000010000001000
000000000000000001110110000000001000111010000100000101100001011000000001001000000000000000001001010
000000000000001000010000000000000000001011001100100101101000100000000000001100100100010001000010000
000000000000000000000000000010100010000000100000000000110000000001000010001100000000000001000001100
000000000000010000000000000000010000010000010000000000010110000000000000000110111001010001101101000
000000000000111000100000000101000010000100000000010000010100000000000001001001000000010100000000000
000000000000001000010010010110000000000010100000000100100100001101000000000011000101000010100110100
000000000010110001000000000100000000100000000011000000100000000000000001000111001010100000000100000
000000000010010000000100111000100110010110011100101000100010001001100000001010010100001100011101010
000000000010110110100000001000110100000101000000000100000000000010101000110000000010000000000000000
000000000000010000000100100000100001000000010001001010001010001001110100000000000000100000100100000
000000000000100010001000000010010001000000000000000001010010000000100001110010001000000011000010000
000000000000001101000001110001000000010000010010001000000110000000001000100000100000010101010000000
000000000000000000010011001000000101100100010000000100100100010010000000010001000000000010101000100
000000000000010000000000010001110000011000100000000000000000010011100000000010000000000100000001010
000000000001001000000100001000100010000000000010010000000000000101010100000000000000100001000100000
000000000000001001001011000001001100010010000000000000000000000000000010001000001001000000000100010
000000000000001000000000100000000000000100000100100111110000101000010100000000000001100100000000100
000000000000010000001000001000000000001101001010000110000100000000000000000001100000001000000011100
000000000000100101000000010010101000010000001001100010000010000010000000100010001000100101010100000
000000000000000000000000000000000000000000000000000000000000000000000000000000000000000000000000000
0 0
98 98