99 99
000000000000000000000000000000000000000000000000000000000000000000000000000000000000000000000000000
000000000000000000000000000000000000000000000000000000000000000000000000000000000000000000000000000
000000000000000000000000000000000000000000000000000000000000000000000000000000000000000000000000000
000000000000000000000000000000000000000000000000000000000000000000000000000000000000000000000000000
000000000000000000000000000000000000000000000000000000000000000000000000000000000000000000000000000
000000000000000000000000000000000000000000000000000000000000000000000000000000000000000000000000000
000000000000000000000000000000000000000000000000000000000000000000000000000000000000000000000000000
000000000000000000000000000000000000000000000000000000000000000000000000000000000000000000000000000
000000000000000000000000000000000000000000000000000000000000000000000000000000000000000000000000000
000000000000000000000000000000000000000000000000000000000000000000000000000000000000000000000000000
000000000000010000000000001010000011001000010000011001000000100010000100000100001011001000001010010
000000000001101010000000100001001001000000000001000010100010000000100000000010011000000000000111010
000000000001000000000000111000000000000000000000101000100100000101100000000000000010000010010100000
000000000010000001000101100000010100010110101000000100000110000010001000001000000000000000100100010
000000000001000000001000000100000010010001010100000100000110010000000010010001000001100001001000000
000000000011000100000000000000100000110000000001000000000000100000000000000100000110100010100010010
000000000000100000100000110011100000000000000100000001000001000000000110000000000000000000000000000
000000000000000010010000100000000000000000000000000001000010000000100110000011000000011000100001000
000000000010010100111000000000010100000000000010000000010100000010010101100100000101100000001011000
000000000000001110000001001000001010100000001000000000010000000000100000000000000000000000010000000
000000000000000001000001101000010000000000010000000110000010000000000000100000001000000001110001000
000000000010000001010000110000000001000010000000101000110000011010011110000100000000000110000000100
000000000010000100100110000011000000000000000001000000110000000100100000010000101110010000000010000
000000000010000000000110000000000000001000000001000000101010000000000000000000000000100000000000000
000000000000000010010000000000000001000000001100000000110000000000000001001000000100000000000001000
000000000000001000000000000000000000000000010001000100001010010010010100000000000100100000100100110
000000000010000011010000000000100010010100000000000000000100010001011100001000000001000000000001000
000000000000000100000001000000000011000000011000100000110100000000100000000000000000000001001010010
000000000000000000010000000000000000000000100000000010000000000000000010001001000110001100000000100
000000000010101000001000000000010000001001000011001010000100100000010100011000000011001001000000000
000000000000000011100000000100000100001000000001100000000100000000000000000010000000000000000000000
000000000000000000000100000000011000100000000001000000000000000000000000000000101100010010000000000
000000000010000011000011000010000000000000000100000001000000000110010010101100001110100000000000000
000000000000100101000000010010001010011000100000001000000000000010000000000000100000000000000000010
000000000001010001010110000000001011000000000001000000000010000010011000000000000010001000100010000
000000000000000010000100000001000000000000001000000010011010000001101000000100001000000000100000100
000000000000000100001100000000000001000000000100100100000000001010000011000000000010110011000010000
000000000001100010000000000010000000000000000001000000001000101100000000001100011000101100100000000
000000000000000011000110000011000000001000001110001000100000001001000000100000000010100001001000000
000000000000001010001000101000100000000100000001000001000000100000010000110000001000000001100000000
000000000000000010000000000010001000100101100000000000000000000000101000000000000100110010001111000
000000000010100000010011000000000100010000011100000101011110100000100000000101000000010000010100010
000000000000001100000110000000110000000101000010011101001000001000001101001000000000010100100000000
000000000000001000100011000000000000000001001010110000000001000100011000001000010000100100000000000
000000000010100110100000000011011110000001000100001001000100000001001011000001000000000010000000010
000000000000000100100100000000000000000000000000010000101000010000000010000100000000100000010000000
000000000000010100100001100001010000100001001000000000000000001000010000001000000010001000001000000
000000000010101101000000000010000010000000010000110000001100101000000000010000011010000001110011000
000000000000101000000100001000000000001101000000000000010101001000100000000010001100100000100001010
000000000000001010000010000000000000000000001001001001000000000000000000010110010110000000100000000
000000000011011000000010000010100000001010001000010000110000000110000010010100001000101001100001100
000000000000000001000100010001000000000100000000000000001000010001000010000100000000000000000001000
000000000011100000110000100000000000011100000000000000001001000100101000001000010101100000101000010
000000000001101010000101111000000000100000000000100100000000000000000000000000000000101100010000000
000000000000001010000000000000010010000000000100000001101000000000100100100000100011100110010000000
000000000000001000010000000100000000000010101000000100000000000000000010000000000001001000000100000
000000000001000000110001110000001100100000000000000000000000000000000000010000000000000010000000100
000000000011000001001101000010010001001000000000010000000000110000100000001100000000000001100000000
000000000000110000110011010100010000000001001100000100000000100000000001000000000000000101000000000
000000000000000101000001010110000001000000001000100001000000000100000011010100000000001000000000010
000000000000000110100000110100000000100000000000111100000100001000001000000000001000000000001100100
000000000001001000100000000100000010000000000001010000000000000001001100000000010000100101000000010
000000000000001000000001000000000000000000000011000000000011000010001000010000101000000000010000000
000000000000001000000100110000000000010100100100000001100100100000001000000000000101100001000100000
000000000000000010000000101010001011001000001100000000101100000100000100000100001000000100000001100
000000000000100001000010000001100000000010001000000100001101000000000000010100000011000100010010000
000000000010000000000000010000000001000100100000000010101010010110000000010000000100100000011001000
000000000000000100000000000010000101010000000000110000001010000010000000001000001000000011000100000
000000000000100000000000000000000000010000110010001000000000000000001000001000000001000000101000100
000000000001000000000001011100100100100000010000010000000000000010000010000000000000000100000000000
000000000000000001001000000100000001000101000000100000000100000000010000010000010000001000000000000
000000000000000000000010111100010000100000001000000000001000001000100000000000011000100100000100010
000000000000000000000010011100110111110000000000000001000000000000000000000010000010000000110000000
000000000000010000011000000100000000000000010010000101000000100110000000000010010000010000001000100
000000000000111010001100000110100000100001001000101000100000110000000000000100101001100100000011010
000000000000000000000001000001010000010000000000100000000001110000000010000000100000100010000001000
000000000000000000001000000000100010000000000000010100100000100000000000100001100001000000100000000
000000000000001001000010001000110000000000100000010000100100001010001000011100000011010011010100010
000000000001001010000001000000011000110000111010010000001100000000100000100001010000010011000000000
000000000000000001000010101000000000001001110100000001110100010010000000000000000000000010000000100
000000000010010000100000001100000001010010100000001000000000110100001010101000101001100011001010100
000000000001000001010000000100000000011100000000010110010000001000001101100000000000000000001010010
000000000010111000000010000000000000000000110000000000001000000010001110000100000000000100001110010
000000000000011000100001000000100100001110100000001000000000001100010110001000010100001110000000010
000000000010000000000000100000010000001100100110010010010111011000000000000100100000000000010000000
000000000000010000001000000100000001000001000001000001100000000001000100000000011001000000110001010
000000000010000001001100100000010001000010010001000000000000000110000000000000100001100010000001000
000000000011110000101001100001010000100001000000001000101000000001101000000100000000100100101000010
000000000000010000010010000000000100010000000000000011100001101000000100001001001001000100000101010
000000000000000100100011000000001101000000000011000010000000100010000000010011000010100001010100000
000000000000001100100000000000111000000000000000010000010001000100000000010000101100110011101010000
000000000000000100000000000000100011001110010000000000000011100000000100000011001101000000000000100
000000000000010000011000000000010011000110010000000000011000110001100001010000000010000010000011100
000000000000000101100110000100000100101010100100000010000000000000000001011000000000000000000000100
000000000000000000000001010000001010010110000000010000000010101111000100010010011000100000010000000
000000000000000000000001100000010000000010010000000000010001000000000100000010000000000100000100000
000000000000000000101000010100000000001000001000101011001001000000100100000000000001000000100100110
000000000000010000000000000000000000010000000000001000000001000000000000101000001000100101000001000
000000000000000000000000000000000000000000000000000000000000000000000000000000000000000000000000000
0 0
98 98