99 99
000000000000000000000000000000000000000000000000000000000000000000000000000000000000000000000000000
000000000000000000000000000000000000000000000000000000000000000000000000000000000000000000000000000
000000000000000000000000000000000000000000000000000000000000000000000000000000000000000000000000000
000000000000000000000000000000000000000000000000000000000000000000000000000000000000000000000000000
000000000000000000000000000000000000000000000000000000000000000000000000000000000000000000000000000
000000000000000000000000000000000000000000000000000000000000000000000000000000000000000000000000000
000000000000000000000000000000000000000000000000000000000000000000000000000000000000000000000000000
000000000000000000000000000000000000000000000000000000000000000000000000000000000000000000000000000
000000000000000000000000000000000000000000000000000000000000000000000000000000000000000000000000000
000000000000000000000000000000000000000000000000000000000000000000000000000000000000000000000000000
000000000000000000100000000010000000000001010000000010001000100100010000011000110000100000000000000
000000000000010001011000000100010110000000001011101001000000000000111000110010000000100000010000000
000000000000000000000000000000001000000000000000000000000000010000000000010000100010000000001010000
000000000000100010000000001000011000000000010010001001011001011000000000100000000001101001001010010
000000000000000000011000000000001000100100000010001000000000000001001101000000011000000101000001000
000000000001010001000000000000001000100000010000000010001000011000010000000000001000100001001001000
000000000000000000000000100001000000001000000101100000000101001000001000001100010000100001101011000
000000000000000010010000000001000000000000000011000100000110000001001110000000000100000100000110010
000000000000100010001001100000011000100010001000001001001001100000000001010100000000100010000000000
000000000001000001000000000010000010000010000001000000101000000000000000000000000001001000110011000
000000000000000010001000000111110000010000000000010001010001110100000010000101000001100100011100000
000000000010110100000000010100000001100010000001001011010001000010000010100000000000100000001101000
000000000000100011000010000000010000000100110000100001000110011000000000100100000110000000100100000
000000000000000000000100001100000000000000110010001000100100011000000111000000100001000010000000010
000000000010000001000000010000001000000100110100101000100000010000110100100001000110000010001000000
000000000000001100100000000000001001010000010000001001100000000000000000000011100000001100100001000
000000000010100010000011001100000000100100000000010000000000000001100000000010111010000010010100000
000000000000000000001100000000000000000000001110010000100100000101100000101000000100111011100001000
000000000010000000000000001000000000100000101000000110000000101000100001101000110000000111000000000
000000000000000000010110101000100000001100010100100000001000001100000000000000000000000001110000000
000000000000001000110000100000000110000011000000100000001001000100011000000000100001011000000011110
000000000001001000000001000010000100111000000010010000001000010001000000100000000100100100000000000
000000000000000000000010000000000110000001011110100000000010000000100100000000100001000000100000000
000000000000000010010000001001000000000110001010001000000000001100000000001100001000000101000010000
000000000000000000000100001000110000000100001010100110000000000011001100100001000000100100001000000
000000000000101000001010001000000001000000010000010010010000000000000001110000000010011010000010100
000000000000010000100010000000111000101100010100000001011000000000000000000000100000010000100010000
000000000000000000001000001000000100000000000001000000000000010000000000000001000000000111100001010
000000000010000000000100100000101001000100000110000000010010001001010010001011000000000000001000000
000000000000000010001100000100000001000010000010000000000000000100000100000000000000001010010000000
000000000000010100000000011000100100001100000000010000000001000000000000010100100000000110101000110
000000000000001110000100000110001000000000100000101000000000010000001100000010000001100001000000000
000000000001100001000000010000101000000001001011000000010000100100100100000000100000100000010001100
000000000000000000000000000000010011110000001000000000000000001000000101000100110001100010010000010
000000000000110000000010001001000000000000000000000001010000100000000001000011110011001111110100000
000000000000000000000000001110000000100000001000000010000000000001000010000000000100010010100000000
000000000000000001000100000000000001011000010010010000000100010000101000100000000000010010000100000
000000000000001000000000001100000100001011000000000000100100101000001000010010001010100100001100100
000000000010000100000000110100000000000110001000000010000000000001010001000010000010001000000101000
000000000011110000000001100000010100000000000000000000100100011000000000000100000000000001000001000
000000000010100000100001000000000000100000000000000000010000001000110010100100000100000000010000000
000000000000000010000000001000101000100001000000000100100000000000000100000000000000000100000001000
000000000000010000110100000000000010000100000010101000000000000011001000001000000010000110000100110
000000000000000100000010001000001000000000000001000101000000100000000000100000010000000100000000100
000000000001001000100000001000000001000000010000011000100000001000000001000000000101001000001011010
000000000011000101000011010000011000000110100001000000010100101001100010101000000000000100010000000
000000000010001000010001100000001000000111000011001001000010110011011001000101001000000000010000000
000000000001000110000000100010000000100010000000001010000000010000100000010100000011001001110110000
000000000000101000010000000100010000110101000000000011010101001010000101000001101010001000000010000
000000000000000001001001000001010001100000000000000010010101110110110001000010100001101000000100000
000000000011001001010000000100000011010000000001000001000000010000100010001101100100000100101011000
000000000010010101000001001000000001010110000010000000100010000000010000100010001010000000001010010
000000000000000000001000000000001000000000000000000000000000000011000011000000100100100000100000110
000000000000010010000000010010001000000000000001010010000010100100010000000010000100001000001000000
000000000000100010000010000100000000001001000000010000100001000111000001001000000000010000011001010
000000000001000000000010100100001000001001000000000000000000010000000010100000000000000101110000000
000000000010100001000001101101000000010000000000000000001000000001000000010110000000100100000000000
000000000000010000000010100010000000100001010000000001000010010100000010001000001001000001000000010
000000000000000001001100100000000000001000000010100100010000000100000000001000010000000001000000000
000000000010011010000000001001000010000010110000000000000000010010100100000000000010001000000010000
000000000001000000001000010100110001000000000000010100000000011010110001000000010001100110000000100
000000000000101101001011110000000000000010000001001011101001001000000000010000100000110000000000010
000000000000010100100000001100110001000000000000000000010010000000100101000000011000001000001000000
000000000000010000011000000110010100000000101110001000000000000000000100000101000001000011000000110
000000000010000100000000100000010100101000100000000000000000010000100000000010000010000000000001000
000000000000010000000010000000000100011000001000111011000000000010000100000010011000000000100000000
000000000000011000010000010011001011000100000000000000110000001000010000000000000010000000011110100
000000000001010000001000010000001001000110000001010010100000100000000001000100000100011000000100010
000000000001100001100110000000100000001000100100000011001011001111000000000000000011011011100011100
000000000000100101000000001000010000111110111000000000000101000011100011100000001111001110000001000
000000000000000000001000100000100110100000000100000000000000110000000000110000100010001101000000010
000000000000000001000100000000000110000101100000000000000000101000011000110000001000000100001100000
000000000000001010010000001100000000000101010100011100100001000010000001010101000000100100100001100
000000000011010000010000000000011000001100000000000000101000001010000000100100000010010000010000000
000000000000000000101000001101001000000001000011000000001000010011100000101011000000110000000000100
000000000000011000000100000000000000000100100000000000100001000000000000010100000101001010100000100
000000000000001000010000100100000000100100001000010000000001100100000011000000001100000100000100000
000000000000000000000000000010000110000000000000000101001000001100000001001001000010000101010010000
000000000000010000000100000000010100001110000000011001010000001000000010111000010001010101001011000
000000000000000100001000100110000110000000010000000000000000110000000000100001010110001000001000000
000000000000010100000000000011000000110001010001010000001100000000000000010001010000000110001010000
000000000010000101011010100110000000101100010000100001001010010001000000001000100000000001100001000
000000000000000000000000000000000000000001000000000100000010000100010000011110000100000000110000000
000000000000110000011010000000000000000001000010000111010001000000000000000001010000100000010011100
000000000000001000000000001000110010010000000100000000010000000000000000001001000010101000010010100
000000000000001010000000000100100000000100010000000000000100111100100010000000100000010010011000000
000000000000110000100000000001000000000100000010010000000000000000000011001010000010001000001000000
000000000000010101000000000101000000000000011001000000000000000010000000110010011100000000000100000
000000000000000000000000000000000000000000000000000000000000000000000000000000000000000000000000000
0 0
98 98