99 99
000000000000000000000000000000000000000000000000000000000000000000000000000000000000000000000000000
000000000000000000000000000000000000000000000000000000000000000000000000000000000000000000000000000
000000000000000000000000000000000000000000000000000000000000000000000000000000000000000000000000000
000000000000000000000000000000000000000000000000000000000000000000000000000000000000000000000000000
000000000000000000000000000000000000000000000000000000000000000000000000000000000000000000000000000
000000000000000000000000000000000000000000000000000000000000000000000000000000000000000000000000000
000000000000000000000000000000000000000000000000000000000000000000000000000000000000000000000000000
000000000000000000000000000000000000000000000000000000000000000000000000000000000000000000000000000
000000000000000000000000000000000000000000000000000000000000000000000000000000000000000000000000000
000000000000000000000000000000000000000000000000000000000000000000000000000000000000000000000000000
000000000000000010001000010000001000100000100000000000001100000100000001010100001100000001000000010
000000000010000110110100000010000101100001110000000000010100000000101000001000000000001100000100000
000000000001011000011000000100000100010000100000000000000000000001110001000010010000001000000100000
000000000000011010000001010101100001110001100100000000000000000010000000000101100000100001000101100
000000000010010000000010000101000110100010000000110100000001000000000000110001001000000000000000000
000000000000001000010000001000000100001001000000000011001000000001010000000000000000000000010000000
000000000010000000000000010000000010000000001001000110100000000101000000000100001000000000000000000
000000000010000000000111000100100000100000000000000000000000000001000000001100000000000001000100000
000000000010000011000000000000100000000000010100000100000000000000000000000010010001010000010000000
000000000000100000110000000000000110100000011001100100001010010101100000100000000010010010000000000
000000000010010000001000000000100000000100100000101000000000010000000000001111000010000000010100000
000000000000001000010001000001000000010000000001100010001001001000000000000000010000000010000010000
000000000000000000100001000001000100001000000010100100000100000000000001100000000000000010010000100
000000000000100000100010010001000110110000000001001010010000000000000000000000000010000001000001000
000000000001001111000000010001001000000000100000110000000000011001001000010000000001000000010001110
000000000000000101000000001011010000010000010000000100010010011100001100000110000001011000000100000
000000000000000000010000111010101100001000000011010110000000100010000000000001000000101100000000010
000000000001010001000100000111000000101000000001000000010100100000001101010000000000000000001001000
000000000001000010001000000000000010000100010001000000010000000101001000001001110011000100000010000
000000000000010000001000001001000000101000000000100000100000100000010000000000010000000001000000000
000000000010000100000001010000001001001000000000000000001101000000001100000010010000000100100000000
000000000000100010000000000000000000000000000000110000001000100000100001000000000011010110100000000
000000000010000100000100011001001000000000010100001001001000000100010100100000001010101100010111010
000000000000000000000110010001011001010001000100101000100000001110010000010100010100001000101000000
000000000001010010000001000001100100000000010010000000000001000000100000000001000010001110000001000
000000000000100110010111000000001110000100000010000100100000000000000000000000000000100000001000010
000000000000100101000000000000001001001000001000000100000001000000100001010000000000000010000100000
000000000010010000000010010001000010001011000000000000100000000000100010100100000000000100110000010
000000000000000010001011000100000000001100101010000000001001000101101000010101000001000001001000000
000000000010000001001111110000010000000000000001100000010000101000000000000000101000000000000010000
000000000010000000010000000100001001000100000000000000000010010000000000100001001010000000100011000
000000000001110100001000000000010000100000000001100100000000000001010000000000000000010011000101000
000000000010110001000000000100000010000000000100001000001000000000010000001000100000011001001000010
000000000001010001000000001000000000000010000000000010010010001000001000010001011001000101000001100
000000000000000001000000010010000110000001001001000011100000000000000000001000000100000000000010000
000000000010001010000010011101000000010000000011100000000000000000000000010010110010100000000000000
000000000010010000000010000000001010110000000001001010000100001000100001000010001010000100000100000
000000000011000000010111001000001001101000010000001010000000000000100100000100010000100111000000000
000000000000000000110000000000100000000000000000000001001000000000000000000001001100000000000011000
000000000000000011010000000000001000000001001100000000011111000000011110000010000000000000100000000
000000000000000001100011000000000000011001100001110000010011001100000000110100101000000000000011000
000000000010010101000001000000000010100010000110000110000000001101000000001001010000000000000010000
000000000000000001101000010000100000000010000011000101001000101000000100000000010001000100000111100
000000000000000010000000000010100000000001000100010000100010010000000000100000001010000000000000110
000000000001101000111000110001000000000000000000000100000010000011000000110000100010000000100000000
000000000001001000010010001000000001001100110010011000001100101000010000000000000010000001000000110
000000000000100000000000000100000000000001000010010000010000000010000100001100001010011000000100000
000000000010000010000000001000000000101010000000000100000000001011100010101000000000000000001001000
000000000001000000000010010000000010000110100000000011100000101111000001000000000000101000010100010
000000000000001100000000001000000000000001000100010101000010000000000000010000010000000000100100100
000000000000000100000010000000000000000000000000100000010000000010001000000001101000000000100001000
000000000000000100000000111000110100001110000000100000001010010000010000100001000000000000010000100
000000000011010001000000000000001011000000001000000000000000000000000100000000000100100001010000000
000000000011000100000100000111000000011000000100001010010001010000100111001000100010000100000000110
000000000000000000000100010111000010000000000001000000010100101100000000000100000011000000100000000
000000000000010000100100110100101001000101010000001001100100000001000000000001010101010010000100010
000000000000000001100000000000100100100000010010010000000100000000100100001000010001100001000000000
000000000010000000000000011100010010000000010110000100000000110000010001100001000000000001010010010
000000000000000000000000010011000001001100100001000000010000100001010100101000000001000000000110010
000000000010010100010001000000000100000000000010000011010000010000001001100100000011100000010010000
000000000000000010011110001000000010000000000100000100000000000000000000101000000001101101000000100
000000000001110101100000000111000000000011100000100001010000110000001000010000010010000000110010010
000000000011001000000010000010000101000100000000000000000011000000001000100000100000001000000100000
000000000011000001100000000000010100111001000000000000000000111001000000000011001001100000000000000
000000000000110000001000001000000000010000000011000000000000010000101001110000001000000001000000000
000000000000000011000010000100011001010100101101000000110000000000000000000100010110000000000010000
000000000000001000000011000000010101010000100000001000100000100000000010001011000000100010000000010
000000000001011001000000000000000000110010011100000010000000000000000000000100110000000010101000000
000000000010001000000000011000011000000000001001110100010010001001100100100000000001000010000000000
000000000001000001000100000000000011000000100101101110000000000000001000001000000000001100101000000
000000000001000000100001000101000010010000100000000000000000000100001000000010000000001011000001000
000000000000000000000000100001000000101010010000000000110000010000100000000010000100000101000000000
000000000000000011100010100000000000010100110100000000000100000001000001100000100011000001000001010
000000000000100101000000101100001000010100000000000000100000000000000000000000101000100110000000000
000000000000100010110001000010010000100000000000001000110000100100000110000101110100010001000000000
000000000001100010100000100000111000000010010000000100000110100000000000010000000010111001000000000
000000000000010000000000000000000010000000000000000100010000000000010110000001000000001000000000000
000000000000001001100010100000101010011000010000010000010000010100010100000000100110000010000000110
000000000000001000010001001000000000110100100010000010110000001000100000000100010110000000000001000
000000000000100000010101000011110000001000100010000000010010000001000110001000000000000000000000000
000000000000000000000000000000000100001010000010000010000001000000001000000100100000010010001000100
000000000001000000110000000000000011010001011000010100000000000011000000000000100010010000000101000
000000000000001001000000100000000010000000101100000000010100001000001001000000110100010000010000010
000000000000000000100100000000000001000100001000000011000000111000001010000010000000010111010010000
000000000000000100001100000001000010000100100010001000110000000000000000100000000000110000000000100
000000000000011111100100000001000000000001010110000000000000010100011001000000101000100000001010000
000000000000001000100000001001100000001000000000000010000000000100010000000000000100100000000100000
000000000000000000000000110100000011100011100100100001001000110100000000000000000001000001001100100
000000000000000000000000000000000000000000000000000000000000000000000000000000000000000000000000000
0 0
98 98