99 99
000000000000000000000000000000000000000000000000000000000000000000000000000000000000000000000000000
000000000000000000000000000000000000000000000000000000000000000000000000000000000000000000000000000
000000000000000000000000000000000000000000000000000000000000000000000000000000000000000000000000000
000000000000000000000000000000000000000000000000000000000000000000000000000000000000000000000000000
000000000000000000000000000000000000000000000000000000000000000000000000000000000000000000000000000
000000000000000000000000000000000000000000000000000000000000000000000000000000000000000000000000000
000000000000000000000000000000000000000000000000000000000000000000000000000000000000000000000000000
000000000000000000000000000000000000000000000000000000000000000000000000000000000000000000000000000
000000000000000000000000000000000000000000000000000000000000000000000000000000000000000000000000000
000000000000000000000000000000000000000000000000000000000000000000000000000000000000000000000000000
000000000001000000010101000011001000000001100000000001010000101000000000000010000010001000010001000
000000000000100100100000000001000100000100100010001010100010000100000000000110000101000010000010000
000000000000011100001000000100000000110001010000000000010100000000010010101000100001000000000000000
000000000000010010000010000000100101000010000000101100000000111100010000000001000100000000000001010
000000000010010000000110001010000100000000101010101010001000001000101011010110000000110001000000010
000000000000011000011000010000001000000000000110000000100100101001011101100000000000000110010000000
000000000010011000010110010000011000000100100001010000000110001000000101000000000000000010010001010
000000000011001100011000000001010000010000010000100100000011000000000000000000000010000000000000010
000000000000000000000000000000001100000000110001000000011101010001000001000000000001000000000100000
000000000000001000111000001100001000011011110001100111000000000000011000100000001100000010100000000
000000000010100100110001000000100001010000000011000000001000110000000011000101010000010100100000000
000000000000000010000001010000000000000010000000001001000100010100000101010010000000000000000100000
000000000000001000000010000110010000001010000001100100001010000000010001100001000010001011010100000
000000000001100001000000000000100000000100000010000000011000000100000010000000000000001000001000000
000000000000100000100000000000100010100000001110000000000000000000000000110000000010000000000010010
000000000000010000000001000000000000000000001011000111100011000000101110101000100010000000010110000
000000000000000010001010001110100000010000000100011100000010000000000000100000010000100000100010000
000000000001000010000110000000001100101010000001100000000000000100000000000010100000000000000100000
000000000000000100000001010001001001000110000000000000000000000000001000011010000000100100000010000
000000000000100010000000000000001010000001101100100000000001000001000010000001000000010011101010000
000000000000000000000000100000000001000010000000000000000000000110011000001011001000000000000110010
000000000000001000000010010010010000010000000000001010000000100010100001100000001101011000001000100
000000000001000100000000000000100000100110000000000000100000000000000010000000001000000000001000010
000000000000000000010100000000000001000010010010011010000000000010000000000001101000100000100000000
000000000000000000100000000000000000000001000000000001000000000000000000100000010010000101000000000
000000000000000000011000001000000000000000001000010000000000000001000000000100100000000000101010000
000000000000000000000000100110010000001100000100101000000000000000101000000100000000000000100010000
000000000000000000010010010010000000000010000000010000000100000000000010000100011000000000000000000
000000000000101000100011000000100000101000001010010000000000100010000010110100001000000000100000000
000000000001000000010000000000001001000000000001100100001000010010000000010001100000000001000000000
000000000000001000001110000011101001010000010001000001010000000000100000100110000000000000000000010
000000000001001000000000000110000000000100010001000001000101101100101001000001000000100000000001000
000000000011000000111100000000000000010000000000001000101000000010001000011010001000000001000101000
000000000000000001000010000000010001000000010000100000101010000000001000010000001000000000001010100
000000000000000001000100100101001111001000001000000000000001100100010010000101001101000111000000000
000000000000100100110000000010000000001000000000011100000000000000000000000001011000000100100000000
000000000010010000100000100000010001001011000000000010000100001001000001010001000100100000100100000
000000000000100000001000000100101010000000000000010000000000000010001010000000010100100010010000100
000000000000000001000010001000010100000000100000010101000000100111000001000000000000000110010000000
000000000000000000000000000100100101000001000000001001000000000000100000000000000000001100000000000
000000000000000000001000000000010001010000000000001011000000000100100000000000000001001100001000010
000000000000001000001011001010000000010000101001010100000000001101000000000000000100001000010000110
000000000001010011100000100100000000000001000101000100000000100010000000000100000001000000101010000
000000000011000000010000010000000000010000000001000000010000001010000000010110010000001000000100000
000000000010000010000100000101000000000000100001000000000100000100000100000010100100001001000000000
000000000010100010000101001000000001001011000000100101100000000001000111001111000000000000001010000
000000000010010000001000000101000001000011000001001001010000000100000000100000000110101001100000000
000000000000110001100001001010000000000010110010000000100001010000100000000010000000000000000000000
000000000010000011000101100000011000000000000000000001000000000011000000000000010000000000000000000
000000000000010011001011011010010010100000000000000100000000000110000000000000110000000001000110000
000000000010010000000100000011010101001101110000000001000001000000001000010001001100000000100000000
000000000000010001000100000000000001001010100010000000001000100000000001000001000000001010000111000
000000000000000001000110010000000000010010001010000000100001001100000001000001001000000000000001000
000000000000001001000000110000000000000100000100000000000010100000000000010000000000000000001000000
000000000010101000000000111111000101100000000100000000000000001100100000001010100000010010001001010
000000000000010000000000010000000000000010000000000011110010000000000010000000010000000000100100000
000000000000100010000000000000000010000110000000010000110000000001000001000010000000010010000000000
000000000000000110100000001001001000000100000000000000000100011100100010000010000010001000001000000
000000000000100000000000000001001000110000001000000101000100000000111000000000000100000000000010010
000000000000000000100001100000000000000000000100000000101010000111000000000000111000001000000000000
000000000000001000000000000001000000000000000000000000000000010000100100000100011000000100100000000
000000000000000100001100000000100000100000110000001000000000100000000000000000000010000100100100000
000000000000000100000001100000100000001000100000100100000110001000000000000011010100110110000100010
000000000000010010010101000000000101010100000000000010101010000001000000001000000001000010010000100
000000000010001001000000000101000101000010010000100000100010000010001010010000001001000000111001110
000000000001000000000001100001000110000000010000000000101000000010001000000000000000010000100000000
000000000000000100110000100101000000000100010010010100000000000000000000011010010010000000101100010
000000000000000001010000000000000000100000000000000100100000010000010000010000100100000000000000000
000000000000000100000000001101000001000000000010000010000100000010000000100000000000100010000000100
000000000011010010100000000000100001000001100000000000000000011100010100110000000010010000101000000
000000000001000000000110010010001100011011000010001011000100000000100110000000000010101000110010000
000000000000000100100100001001000000010101110000000100000000000000000010110001000000100000010000000
000000000000001000001000100001000000011000000000010000100010000010000000010111000100100000000010010
000000000000000000110000001000100010000010110000001000100000011010000000010000000100010011100000100
000000000000000000100000000100010010000001010001010000001010000101000000000000000000000000100010100
000000000000010010110000110001000110000000000000000001000000000000100000000100000001100010001100010
000000000000000100101100110000000100010000001010001000101000000000000101000000001010000101001000000
000000000001000001000000010000000110010100000100100000000010000100010000000010000000001000000100000
000000000000000001000010000000000010100000000100000000001010001101000001010011000010000010010000010
000000000000001000111000000010011000110010000000110000000100000000001000000000000001001000000000000
000000000000000000000010000000110000001000000000000101000100000000001001010000100010000100100000000
000000000000001000000000100000000100000000001010000000000001001011000110010000100000000000011000000
000000000001001000100000000010010000111100000000000010000010111100010000000100000001110100101000000
000000000001100110100000100000000001001000000001010000010100000001010100101000111000000010000100000
000000000000000000000000000000000010100010000111000000001000000010000001010100001000001100000000010
000000000000001010100000100000001110000000000000000000000101000011000000000100000011000000010000000
000000000010010010000000000100001000000010000000100001000100010101000000000001000010000100000000010
000000000000000010000010101101000010000001100000000011010010000000001000000001000010011000001000000
000000000000000000000000000000000000000000000000000000000000000000000000000000000000000000000000000
0 0
98 98