99 99
000000000000000000000000000000000000000000000000000000000000000000000000000000000000000000000000000
000000000000000000000000000000000000000000000000000000000000000000000000000000000000000000000000000
000000000000000000000000000000000000000000000000000000000000000000000000000000000000000000000000000
000000000000000000000000000000000000000000000000000000000000000000000000000000000000000000000000000
000000000000000000000000000000000000000000000000000000000000000000000000000000000000000000000000000
000000000000000000000000000000000000000000000000000000000000000000000000000000000000000000000000000
000000000000000000000000000000000000000000000000000000000000000000000000000000000000000000000000000
000000000000000000000000000000000000000000000000000000000000000000000000000000000000000000000000000
000000000000000000000000000000000000000000000000000000000000000000000000000000000000000000000000000
000000000000000000000000000000000000000000000000000000000000000000000000000000000000000000000000000
000000000000000001000000001000101000000000101000100100000001000100000000011000001100000010001100000
000000000000011010000100000000000101000000010000010000100000000001001000100000001101000000000011000
000000000000111100000000010001000000000000100100000000010001010110000000000111100000010001000001100
000000000001000000000001100000000000000001000000000000001101000001100001000001000110000000010100100
000000000001001100011000000110101101100000000010001100100010000000000001001100000000000011000001000
000000000010000000001000001100000000011000000000100000110000000000000001010101100000010100110100000
000000000000000000100000100111100001010000010000001100001100100101000001000110110001000000000000000
000000000000000000000000001000000000000100010000000000000011100000001010010000010101000000000010000
000000000000110001000101000100000010000010001000000000000100001001000000001010010000010000010011000
000000000001011000000000101000000000000000000010010000000000000010011001000000000000000100000010010
000000000000010100000001110000000000000010000000000000100100011001000100000000000000000100000100010
000000000011010100000000100100000110100100000010000000001000010100001000000000010010100100000000010
000000000010000100000110010100000000110001000001010000000010000000100100000000000000000000000000000
000000000000100000101000000100000010000000100010000000000000011000100001001010000000000010000000000
000000000000000000000100001110000110000000100000000000010000010010000000100000011011100010001000010
000000000000010010011000010010000000011000010100000010100010001100000000000001000010110000000001010
000000000000000001010010010000000000010100000000001110100101000011000000110000000101010010001000110
000000000010010011010000000000001100010000100000010100000000000001000001000010000010011000001010000
000000000001000001000000101010000010000100010000001000000000000000100010000000010000000000000000000
000000000001000000000000000001101000110000111000010000000000000000000000010000000010000000000000000
000000000000000000100001000000001000000010000001000000100001100000000100100010001010100000001010000
000000000000001001000001011011100000000110000101001000001101000010000000001000101000101110000000000
000000000000101000000000100011100000010000000010010000000000010000100000010000100000000010000010000
000000000000001100000000001000000000110000100000000100000000000100010000100000000011000001000001100
000000000000000100010100000000010010000000110000010010000001000000010000100000010000001000100000000
000000000000000010000000101000000100000100100010000100010000000000100100100000010000000000000100100
000000000000000000000010000001100010001001000001000001011001000100101010001010001000100000000100110
000000000001000000001100000010000000000110001000100000000000000001000000010000000000000001000010010
000000000011001000000000001000010001000010100000100000001010000100000000000011000010110000011010010
000000000000000100000000000101000111010001100011000000001000000110000100000000100000000000000010000
000000000000001000001010000000001000000000001000000000000000000000100000000000000000000000000000000
000000000000001100100000000000000010000000000000000000000000011100001010010001100011000000000000010
000000000001000000100001100001100000001100001000000010000000100000100101001101000000100001001010000
000000000000000101000010001100100000000000100001010011000000000100000000000000001110000000000110110
000000000000010001000100000001100000010011001000001001000010000100010000100000010111000000000000000
000000000000000000000010010000101001011001100000000000000010001101000001010001100000000000001000010
000000000000000000001000000100000000001011000000000000000000000100000000101100000000000101101010000
000000000000011000000000001000001011000110000001010110101000000100100001100000000100010000000000000
000000000010100010001001000100000010100001001100000000110000000000011100010010001000000001010000100
000000000000101100100000000000000101100010000000000000010000000001001001000001000001010001010000000
000000000001000011110010001110010100000000100000101000010100010000000100010000001000010000000100000
000000000011001000100001000000000010000010010011100000110010000100001000000000010010100000000011010
000000000000000001011001010000010010101000000000000000000110001000001101010000000000000000000000000
000000000000000000001000000011000010000011000000000000110010000100110001010000100010001010001100100
000000000000101001000100100000000011100000010001000100100000000001010100000000000100000001000100000
000000000000000001000110000001010000010000000000000000010011001100000000000000000001010010001010000
000000000000001000000010000100010010000000010000001000000000010010000000000000000010000001000000000
000000000000100000000001000000000000000101001000100000000000000000000100001101000000010111000001000
000000000000000000001000010000010100000001110110000000000000000000000100000100000000100100000000100
000000000001001001011000100000001011001101000000010100010000001001000010000100000000000001100100000
000000000000100001000100000000100001000000000010010100000000000100000000000101100000010000000000000
000000000000010000101100110100000001000110010000000000000001010000000000000010000000000000110010000
000000000000110110011101000100010000000000100000000000001000110010001000000100000010000010010011000
000000000001010000000000000001000100000010001001000010000001000100000000010000010000100000010000000
000000000000000010000000000010010100000010010001101000111100000000010000000010010000001001110101110
000000000000000100000100100110000000000000000100001010000000010000000000000001000000000000000011100
000000000000000000000000000101000100000100010000001010010000000000000100000100000010001010000100000
000000000010001000100010000000000000000001001000001000000010101100010000000011000010001010000000000
000000000001000000000001010001010100010000110000000001000100001000000011000000010000011110101000000
000000000000001010100000000000100100111111010000000000001000100101011000011000100001001000100100000
000000000010011000010110001011000100000000000000000011010000010100100000010000101000000000001011000
000000000000000110000010000010000000010000001010100001000010000001100000000000000100110001010000000
000000000011010110101000000100010010000010000000100000000000000000000000110011001000000000000100000
000000000001010000001010000001000001000010000000100000010001000100001001000000000000110001001101000
000000000010000000001000000000000000000000100000101000010000001000000000110000001101000000000000000
000000000011000000010000011010000000000100000000000100000010111000101000011010000000000100011100010
000000000000001000001101010000010000001000011000000100001000000000001000000010000010000000010000000
000000000000010000001000000100001010000000110101000000110010000100000100001001000000010000000010000
000000000000010000010001110101000000100010001100001000100000000000000000010000000100000000001010000
000000000001000100101000000000010000000000000000101000010000000001000001000010100001000010111001110
000000000010010001000010010000000100001000101010001100001000000000010000010000000000001001010000000
000000000000101001010000100000100010000010011100110000100000100001001000101101000010010000001000000
000000000000000001010000001000000000000000010100000000101000000010000010011001100001000101001000000
000000000010000000000010100001000010011000000001000000010100001001010101000100001100001100000000000
000000000000010101000110001000100100000101000000001101111001100000101000110000000010000010000100100
000000000000000011100000001000000001000100000000010010000000000100001000000001010100000100010001100
000000000000101000000000000110000000100001000010000000000000000001100001100000011011100000010000100
000000000000000010001000010001000001001000000000000000100000001000101000011001000010100000010101100
000000000011100100011000100000000000100000000000000000000000000100001000000000100001000000000110000
000000000000000000010000001000001000000000100010001000100100001000000110100000110000010001000001000
000000000010000000010010000000000100000011000010100100000000000001000110000000000010100100101010010
000000000000000010000000001010000010000000000100001010000000000000000100000010000000000000000000010
000000000000010000011010000110001000100010000101010010100000000000000100000000000001100010000111100
000000000000110100000100110001101001001110000000000000000000000101010001100000100000100001001010000
000000000001101111000000010100000000000010001001010000010010000010010000000010000010110001000000000
000000000000010000010000001100001100001000000000100000110100010100000100001100100101100000010000100
000000000000011100000001010001100000101000111000000001000000010001000000001000000111000000000100000
000000000000000100101000100000000000000000000011100000000001010000000000110100000000000100100000000
000000000000000000000000000000000000000000000000000000000000000000000000000000000000000000000000000
0 0
98 98