99 99
000000000000000000000000000000000000000000000000000000000000000000000000000000000000000000000000000
000000000000000000000000000000000000000000000000000000000000000000000000000000000000000000000000000
000000000000000000000000000000000000000000000000000000000000000000000000000000000000000000000000000
000000000000000000000000000000000000000000000000000000000000000000000000000000000000000000000000000
000000000000000000000000000000000000000000000000000000000000000000000000000000000000000000000000000
000000000000000000000000000000000000000000000000000000000000000000000000000000000000000000000000000
000000000000000000000000000000000000000000000000000000000000000000000000000000000000000000000000000
000000000000000000000000000000000000000000000000000000000000000000000000000000000000000000000000000
000000000000000000000000000000000000000000000000000000000000000000000000000000000000000000000000000
000000000000000000000000000000000000000000000000000000000000000000000000000000000000000000000000000
000000000001100000000011000000001010000000000001000000000000011010010100000000000000001000000000100
000000000000010000000010010000010000101000110000001000000100001001010000010111011001100011010000100
000000000000000100000000100000000000000000010000000110100000000001000100000111010110000100000011010
000000000000100001000000000010001000110100000010001100000000100000110010001010100000001001100110000
000000000000101000010000010000001000000110010000000011001001110000010000010001000000000100101010110
000000000010000000100110000000101000101000000010010000001101000000001000001000000010100000010000010
000000000000001100110000000000000000100010001110010010100000011001001000000000000100000000000000000
000000000010100000001010001000100000000000010000001000000001000000000000100000101000100100010100010
000000000000010100001010001001011001000100000000010010010000000000101010011000001001000010000010100
000000000000000100100000000000001110100010000100100000000000000100000001011000001010000011000000000
000000000000000001000000010000000100000001000000000100000110100000000001000010010001001000000000100
000000000001100000000010000101000000100101000000000001010010010000000000000001000000000010000010000
000000000000000011100000000000000010100000000000001101001100100000000000000000110000000010001010000
000000000000011000000010100010000010100000001010001000000001100010001100000011000000000010010100010
000000000000010000100101000010110000011100000000000000100000000001001110010000010000000000000000000
000000000001000000101100000000100000010000000010110000010110100000000001000000000100000000000000000
000000000000000011000100100000101000001111000100000000001001010000010101000000011010011000000100000
000000000000000000000000000100010000000000100001001000011001001000010000000000100000000000000000000
000000000010010100100000000000010001000001001001000110010001111000000100000001100010010100000100000
000000000000001000000000110000010001001010010000101000010000000000000100000000000000000110000000000
000000000011001000100001000100010000001001100001000101000100010000000000010011010000001000000000010
000000000010100001101110000110001001000000100100000001100110000000000001010001001110100000111000110
000000000000001100000010000010010101010001000101010000010000101001000000001011101000000000000001000
000000000000000000000000101100100100101000000110000001110010000001011000011010000010000000000011000
000000000000000100000010000000000000000001000010110101000000000000011000000000010001000100110001000
000000000000000000000000000001000010000100001001000001000001010000001000000000000000000001000001000
000000000000000000001000000100101000000010010010001000010100001000000000000000000000000100011000100
000000000000000101010000010000010000010000000000000100001010000000100000101000000000000010010000110
000000000000000000000010000000000000000000010000001001010000001100000001100100000100100111100100010
000000000000000001001100101000010010100000000010000000111001000001000010000010000100100000100000000
000000000010000100001000001010001001000000000000110000001100011000100000010010101000000100000010000
000000000001000001000000001010011000000001000010000000000000000010001000000000000010000000100101000
000000000000000000000001010001001011000000101001100100001010010000001000110000100100011000110011100
000000000000000000000000000000000100000011000001000011001100010000000010000000000000000000010110010
000000000001000100000001001100001100110000000000100000000001000010000110000010000001000000000100000
000000000001010000000100000010010100000101000000000000000000000000010010101000010001110001000000000
000000000000001001000010001000000100000100011000000000010000010100001000000000000000100011000010000
000000000000101000100001000000000000000011000000011111001000000000001000000000000000010000000000000
000000000000000010000001010010000000000100100000001001000000100100000001100110000100001100100000100
000000000000100010000100000000000000001100000000000000001000100101000000111000001000100011001011100
000000000010000001001100000000001000000000100000110000000000001100000010000000000000001100001000000
000000000000000000000100000000110000000100001100100010101000000100100000000000001000011010010100000
000000000000010010000001011000000100000010000100010010001000000000001001010000100000010000010000010
000000000000100010001100010000000000111101100100010000000011000010000011001100100000000000011000000
000000000000001010010000100000000010000000000000000100000011010000100100001000100000001000001100000
000000000001100000100001100001010001001000000000010000001000000000000100010000010010010000000100000
000000000000001000010010001000000000101011000000010000000100110110000000001000100100000010000000000
000000000000100000100000000101100101000000010000000000000000000001000000101010000000000000000010000
000000000000010000010001000010110100000001010110100000000000000010000000001000000000000000000001010
000000000011000000100100000110000010000000000000000010000100010000000000000000001010010000100011000
000000000001000000000000000001010000000000000001100000000011010000000000000000000001010100000000000
000000000000000001000000000001000000000100000100000000000000001010000010000000001010000001000010000
000000000000000001000000001000010011000100100000000000000110000000000100000000000000010000001000000
000000000001000000000010000000010000001001000010000000000000000101000011101000000100100001000001000
000000000010000100000000000000000000000100000000011010100010000001000000010000100110000100000000010
000000000000000010000010101100001010000000010000000100000010010010000000000100100000100000000011000
000000000000101101000000000111000100001100001001000000000000000010000000000000100000100001110000010
000000000000000110010100100000010001000100100001111010000000001000000100001001000011000000000000010
000000000000000000010000000100000100100110000100111000000010000000001101000000000000110100000000010
000000000000000110100010000010100010000100101000010000000100100000010010000100001000110001111000010
000000000000000000000000000000000001000000100000011000000000001001000010110010000000000100000000000
000000000001000000000000000000011010000000000010100000000001000010000000001100100001110100000010110
000000000000000001100000000000000000110101110000000000001101000000010000010000001000000001000000000
000000000000100000010100010000001010000000000001000001000001101001000001000000000000001010100000000
000000000000010000000010000000000001001000000000000000001000001010000010001000000000011000000100000
000000000000000000011000010000000100000000001000000010000000000001010000000000000000000000000011100
000000000000000000000000001000000101010000010110100000000000010101000000010001110100001000000000000
000000000000110110000010101000000000000000000110000000000001001010011100110000011010000000000001100
000000000001100000000110000000100000000100001101100000000001000001000000100010000000000010011100000
000000000001100110100010000000000000001000000110000000010001010100000010101000010000000000110000010
000000000000000000000001000000100010000000000010101000000010000001000000011101000000100100000100000
000000000000001100000001000100000100001001000001010000000010010001100000001000001000000001101000010
000000000000001000100100000001110100000000000000001010000000000100000000010010000000000010110000000
000000000001000010000000100100010010000000000001000000000001000000000000100000010000100100000100100
000000000000101000000001000000000000000000001000000100011100000000100100011010000001100000001000000
000000000000000000000100000010010001100100000000100000010100001000000000110001001010001001101010000
000000000000001000000001010001000010100010000001100000101110000001010110000000000001010000000100000
000000000000000000001010000010000010001100000000000000000000000000000000000100000000000000110000010
000000000000011100000010000001001010000010000000001000000010110010000001000010000000000100001011100
000000000010100000100100110001100001000101000000000000001010000000010101001010000010000000000000000
000000000010000110000000000000000001000100000010010000010010000100000000000000000010000100010010100
000000000000000000000000100001000000011010000010000010000000001100110000010000001010010010000000100
000000000000000100000001100000000000000000001000011000100001010001000010000000110110000000000010010
000000000001010100010000000010001000000000000001000000010010000100000000000000000010000010000000100
000000000000100000000101110110000000000000000010000010000000110000001000000000010101100000100100000
000000000001000000100010101000000000101001000100000000110100000000010110000000100100010000010010000
000000000000000000100101010000100000000000000000000100000000000000110000000101000101000010000000000
000000000000100010000000000100000001000100000101000000100000000111000000000110001001100000001000010
000000000000000000000000000000000000000000000000000000000000000000000000000000000000000000000000000
0 0
98 98