99 99
000000000000000000000000000000000000000000000000000000000000000000000000000000000000000000000000000
000000000000000000000000000000000000000000000000000000000000000000000000000000000000000000000000000
000000000000000000000000000000000000000000000000000000000000000000000000000000000000000000000000000
000000000000000000000000000000000000000000000000000000000000000000000000000000000000000000000000000
000000000000000000000000000000000000000000000000000000000000000000000000000000000000000000000000000
000000000000000000000000000000000000000000000000000000000000000000000000000000000000000000000000000
000000000000000000000000000000000000000000000000000000000000000000000000000000000000000000000000000
000000000000000000000000000000000000000000000000000000000000000000000000000000000000000000000000000
000000000000000000000000000000000000000000000000000000000000000000000000000000000000000000000000000
000000000000000000000000000000000000000000000000000000000000000000000000000000000000000000000000000
000000000000000001000000010001000100000101000000000000101000010000001110000010011000000001000000000
000000000000000101100010001000010000000000000000001000000000000000100000000000000011000000000000000
000000000000101000011000110100000000010101000010000100000100010000110000000011001010000110111010100
000000000000000000110010000000000010100001010000000100000001000110001011000000010010000001101000000
000000000000000100000000101010000000000000001100001010000000000000000000001100000001000010100000010
000000000001000001000100000000100000000000000010000100001100000000010100000100000000000000000000000
000000000000000000100100001000000000101000000000000000101100000000101011000000000000000000010000000
000000000000000010000110000010000000000000000000000000101000000000000100000000010001001010101000000
000000000000010010001110000000010001010000001000010100010100001011100100000100100010000000000010100
000000000011010010100100000000001000000000101001000101000011000101001010001000000001000100001000000
000000000001100110000000000100001000110000010100000000010011100000100011001010010000001000000000000
000000000001100000010100000000000001001100000000001001000000000001000000001001000000110000000000100
000000000000000000000010000010000000000000010001010001001000011010110100001000001001100000010000000
000000000001000010000000000000000000000000000100000100010101100000000000000000000000000000001000000
000000000000000001000011000010000101000000000100001000000000000010000101010001100001000000000001000
000000000000001000000010000010000000000100001010000000101001001000000110000111001001010011000010000
000000000001000010000010000000001000000001000000101000101000100000000001001100000000000100000000100
000000000001111000100001010100000101100000000000010000000010010000110000000000000010000001001010000
000000000000000001001000000001000000000000010000001000000000000010100000000101001100111000100000100
000000000000000000010100000101000001000010010000000100001010000000001000000000100100000000010000100
000000000000000010000001000100001000011000011000010101001000110000100000101001001100000001000100000
000000000000000001000000010000000001000110100110100000100000000000001001110110000000001010000000000
000000000000000000000000100000001000001011000100100000000011001000101001010100100100000001100110000
000000000000010000000000010000000000000100100000010000100100100000000000010010001111001000010101010
000000000010000011000100000010000010010100010010100001110000001010011000000000000001011000001010100
000000000011001000001000000001001001000000000000100000001000000100000001101000000110100001000010000
000000000000000110100010001000011000100101100101000001100010001010000001000110000000001100000110000
000000000000001000010001000000100000000000010000000110000100010001100001000011001000011000000000000
000000000010000000010000010100000101001000000000010100100000000010100100000000011001000000000000000
000000000011000101000010000000010001000000000000001000101010001011000000000000011000000000000110000
000000000000000010000000000010000111000000000001010001010001000000000000011000000000000001100100100
000000000000000000100001000000000000100100010000010000000100010010000010000010000000000100001000000
000000000000010000111000010101000000010000000000100110100000010100100000001100000100010100000010000
000000000001000010000000000100000000010110001000000000010010000110000100000000001000101100000000000
000000000001111000010010000000000000000000000100000010000000001100011000010010010110000100000001100
000000000000110001010011110100010110000000000010100000001000000000000000001000001000001000000100000
000000000000000000101000001001100000110000001010101001000100110000000010000010000010000010000100000
000000000000001100001010000101000000000000000000010000000100000001100000000000100010000001010101000
000000000000010110000000000100110001100000100000000010000100001101100101001010000010000000000001000
000000000000001000000001100010000001011010000000010101100000000000001000100001000100000000000100010
000000000001011010010000010000100000000101001000010010000111000001000010001000000000010001000001000
000000000001000010011011001111100101100011000100000001001000001100010001001010000000100010001011010
000000000000001000000000000000100010000100000000100000001011000000101100000000000100000010000100000
000000000000000010000010000100000000001010010011000000000001000010000000000000000000000110000101000
000000000010000000000000001011000010000000101000000001000000110100000100100000110000010000000001010
000000000010000010010000000010000010010100000000000000000001001000000000000000000000000000010001010
000000000000100100000010011011000000000010000000010110000001100000001000000011010011001110101001010
000000000001100000001010000000000000100100110010000011000001101001010111000000000101000100000000010
000000000000001010100100000001000000011000010000000000010000000001001110000000010000000010011000100
000000000011001010000000001101010100000101010000100000001000000010000000000000000100000100000000000
000000000011110000000000010000000000100100000101000100000101000000010000001010010100000000000001100
000000000000000000010000000000000000100001010001000000101110100100000000000010110000110100001100000
000000000001000000001000100100000010000000000001010001001001001000000010100000101000000000110000000
000000000000000000000001010001101100000001100100011000000000011000010001100000000001000001001000100
000000000001001000100000000001000010000000010100110000000000000001000000000000000010000000000010000
000000000011000000010101010001000001000001001000111000000010000000000101000000001000100000010110100
000000000010000000000010000000000011000000010101000000011000100000000001000110000000100001100001000
000000000000000011000011101000000000000000001001010100100000010000000010000000000000000000010100000
000000000000010001000001010000100000010000000000000000000010001001110001010000001000000001000001110
000000000000001000000000110000010000000011010000000011000000000001000110111010001100000000000000000
000000000000010000000000010000000010010011101000000000000000100001001000000101010010000000100011000
000000000000000000001110010000000000010000000100010000100010100001000000000010000000001010000000010
000000000001010010100000010000000110110001011000001010100101101000000001001000000010000110100001000
000000000000000100001000000010000000011010001000100010000100000000000000100010000001001000000000010
000000000000001001001000000100000000001010000010010000000010101000000001000000011000000001001101000
000000000000100100000110100000000000100100001000001010011000010010000000111010001110000000100110010
000000000001110110000000000000010000000001000000100000000000000001000100010000000000000000000000000
000000000001010000000000010110100000010000000000000010000000001010000000100000000001100000001000000
000000000000000110000011000001000000000000010000000100000011110000001000100000001000100110000100000
000000000000001100000000011000101000010101000000001000000001000100000010000100100000000000000010000
000000000000000000000001000000101000110000000001011000010000000101000001000010010000000100000000000
000000000000011010010000000000100000000000000100001000100000000001010010001011100000001100000000100
000000000000010000010011000000000101000000100010111000000100000010000011000010110001101100110000010
000000000000100000001001000011000100001001000010101000110000000010001100000000000000010010000001010
000000000000000000000000000100000010001011000100100000000100000000001000000001000000000010000010010
000000000010000100000000000001000000000110000001010000010000000100000010011000001000010000001110000
000000000001000000010100000111100000000100000000000001000001001010010100010101110010100000001000000
000000000011011000100000011100000000000000000010000000000010000110100000000000000000110000010001100
000000000000100010100010010101000000000110000000010000010011010000001010010000000001000100000100010
000000000000010110000000000000000000000000000110000000000100000100000000000000010001010000000000000
000000000001000000000000011000000000100000100010000000100000000000010010011000000000000100000000000
000000000001000101000000110001100001010100000001000000000000100000100000010100000111100000100000000
000000000000010001000000110000000001010000001100000100100101100000000000000100010000000000001000000
000000000001000001000000011101000100101100001001001000000100100001000010011010000000100000000000000
000000000000000000000001000110000000000000100000000001000010001001000000000000000000100000100000100
000000000000000000100100000000010010001010100000100000000100010100000001100110101100000000000100000
000000000011100000000000000000100001001000100000110000100000000100000000010001010010001001010100000
000000000000000010000000001100110100010000100100000000000011000011000001001000010000000000000000100
000000000000000000000000000000000000000000000000000000000000000000000000000000000000000000000000000
0 0
98 98