99 99
000000000000000000000000000000000000000000000000000000000000000000000000000000000000000000000000000
000000000000000000000000000000000000000000000000000000000000000000000000000000000000000000000000000
000000000000000000000000000000000000000000000000000000000000000000000000000000000000000000000000000
000000000000000000000000000000000000000000000000000000000000000000000000000000000000000000000000000
000000000000000000000000000000000000000000000000000000000000000000000000000000000000000000000000000
000000000000000000000000000000000000000000000000000000000000000000000000000000000000000000000000000
000000000000000000000000000000000000000000000000000000000000000000000000000000000000000000000000000
000000000000000000000000000000000000000000000000000000000000000000000000000000000000000000000000000
000000000000000000000000000000000000000000000000000000000000000000000000000000000000000000000000000
000000000000000000000000000000000000000000000000000000000000000000000000000000000000000000000000000
000000000000010100100001000000010000000100100011000000000001010000011000000000000000100010010010100
000000000000001010000000011000000000000011100011010010000000001110000000110000000000000101011000000
000000000000000000001000001101010001101100000000100000100100100010000001000000100100000000001000010
000000000000000011000000101001100100000010000000010100000100010000000000100000000000000000000000000
000000000000000000000001000000101000000000000000000000001010000010010000001000000000010000000010000
000000000000001000000000011010001001110000111000000100000000100100000010000010100010101010000000000
000000000000000000100010000100001010010000000000000000001000000001001100000000000000000000000000000
000000000000000000000101000000000000000000100000000000101000001000000110100000000000000010101100000
000000000011000010100100000001000100000000000100000011000010100000010000000010000011000000010001000
000000000000010000001110011001001011000001001000000000010001010001000000000000000010000000000000110
000000000000010000000000010000000000010000000110110010001000100000001000100000000010100110100000000
000000000000000000100000101010010000110000001001000010000010000011000011001100100000011001000100100
000000000000000000010000000001010000000000001000100000000000010000011110010100010000110000100000000
000000000000101000010101000010110000000000010000000000010000010010000000000000010000011001000001000
000000000010001000010001000100001001001100001110000000010000100001010010010000000010000010000010000
000000000000001000000000000001000000001100000011000010000000010110111000000000100000000000011000000
000000000000000000001001000000001010000000000001101101100001000010100000001000000000000000010000100
000000000001000000100000000000000000000001000100000100010110000000001001100110001010010110000100000
000000000000000000100000000000000001000101000000100100001100010000100001010000100100001000100000000
000000000000000100000101000000110011000000000000000010001000000001000000000001000001000000010100000
000000000001000010000010010000001010000000000000000010000000001001000000000000100001110000000000010
000000000000000000000001000000010000000000000011001010000000000001000000000010000000100101100000000
000000000011000000000000011000101100000100100101000101000000000000001000010001000100000101010000110
000000000000000000000000001001010110000000000000100000000000100010000000010000001000000011000000010
000000000000000000000000000000011000000110110000001100100000100001000000100000100000010001001000010
000000000000000000010100010010101110000000000010001100100001000000100110100000000000100000010000000
000000000001001000110000000000010000000011000000000000000001000100000100000101000000100001010010100
000000000001000101000000001010001101000000010001110000001000010110100100000100011010001000011010000
000000000000010000000000000000110000000000010110000010101000010010100000100000010000000100100000100
000000000000000000000101000100010001010000000000001000000001010000100000010011000000000001000100000
000000000000000000000000001010000100000011010000110000000001001001000000010000000000010000100000000
000000000000100100000111000100011000110010000000100101100110001100000000011000000010000111000001100
000000000010000000100000000010001000000011010000010010101000011001000100010000100100101011000000000
000000000001011011010010100000001000100100000000000000000010000000000000000100000100010000000000010
000000000000000110010000100000110100000000000000000000000001000000000000000010000110000000001000000
000000000000000000010100000000001000000011000000000000011000010110000000110000000100001000000000000
000000000001100010000000001100000010010000100000001000000010000100000010000000011000000000000000000
000000000011000001000011000000000001000001101001001000001010110001000000010000000010100001000001010
000000000010000000101000100101001100010011100010000010000100000000000011001000000111000001001100000
000000000000101001000000100001110000001001011000000000110110000001000000000000000000000000001000100
000000000011000011010000001101010010110000010000100000011000101000001010010001000001010010000001000
000000000000000000000010100000001110010000100000000000100000000000100000000001000000001000000010010
000000000000000000000010000100000100000000110010000000000000100000000000100000100000010100000000100
000000000000000100100010000100101000000000000101010101010000000000000000101100000100011000100111000
000000000000000000000010001000100010100000000000000000101000001000010000100110000000001001100000000
000000000001100000010000110010000011010000000100100000001000010100000100100000100010000100000000000
000000000000011001010000010101011110010000000001010100000000000000010001000000100000100100011001000
000000000010110001101100010000010000000000010000000001010100001000000011001000000100000001000101010
000000000000010000010000000100000000001010101010000001000001100000000001101010000001001100001000000
000000000000100000000001010000100101000000000000000000101000000001000000000010000000010000010000100
000000000010000000000101010000101000100000100000001000110000110000011000000100000011010010010011000
000000000001000000001000000000100000000001000000100010111000001001000001000011000110000000100101000
000000000000010010010000000001001100000001000000000000100001000000001000000100001000000001000010100
000000000001100100001000110000000000010000100010000110000010000010000001111000000010000000000000010
000000000001000100000110000000000100000010000001000010000100001110100000100000110001011010001000010
000000000000001000010000000000000100000000101100001000000001000100000000000010000000100010010100010
000000000000001000000000000000000010000000000101010010100000000000101100001000001001010001000100010
000000000010000100001000000000010111001001000000001001110100000110010000010000001000000100110001000
000000000001000100011001000000110001000000000000000000000001010010100000000100000100000000000000000
000000000010000010001010000000000001000000000000011001010000000000000100001000000001000000000000000
000000000010000100010100000101000000001010000001000000011000010000000011000001010000101000000010000
000000000001100000000000000001010001100000001000100100100000001100001001000010000101010001000100100
000000000000110000000001000000100000000100010000000001100100000100000001001010000000000000001001000
000000000000000000010010000001000100000001000000011000000000001010010001100000000100101001000000000
000000000000000001000000110100100110011000000000000000000000010000000100000100000000000000010000110
000000000000100000000001000000100000000010100000001010000000000000000111001000001000000000100100000
000000000001100100000011010010010001100000100000111000100101010000100101011000001000001000000000000
000000000010100000100011001100000001000110100000000001010000000000010000111000100001000000000100110
000000000000010000000000010000000000000000000000000000000100000000100010001000100001000010110000000
000000000000100010000100000100000000000000001110000000000101010000100001000100000000000001000000000
000000000000000000010110000001010000000010010000010010000000000000100000010101001100000000001000000
000000000000010000000000101000001010000000100010100000110000011000000010000000000001011000000000000
000000000000000000000100000001000111000100000000010011000000000000000101000111110000100000101100010
000000000010000000101001000000100010100010101011000000111001000000010000100001010110001000000000000
000000000001011011000011001010000000010000001100000000010000000000000110000100010000110010010110010
000000000000001011010001011000010100100010100000010111000010000000000000010000000011100100000000010
000000000000000001100000000001000000000001000001000000000101000010000110000001001010101100000000000
000000000000000000010000000000000000101110000000001000000001001001000000101010010010100100001010000
000000000001000000001100110000000000000010000010100000000000100010100000000100000100101001001110000
000000000000000000000000000100000000000101000000000000000001100101001010100010000000000000000001000
000000000000000000110001100000000000001000000000101001000000100011000000000000100010010000000000000
000000000000000010000000000000001000000000000100100000010110000000000010010000010000000000000001000
000000000011100010000000010000101000100000010000110001110000100010000000010000000000000100000000000
000000000000001100000000100001000000011000000000000100000100000000001000000010000000010010100010100
000000000001000010000010000100010000010010000010000010010000000011110000001000000000000001000001000
000000000000000010000100100000010100101000001000000000000000001010101111010010000100000000000000000
000000000001001001000100001000000011000000000010110000000000010000000000100010000000000101000000100
000000000000000000000000000000010010100000010000011000000000010000010000010000000000001100000010000
000000000000000000000000000000000000000000000000000000000000000000000000000000000000000000000000000
0 0
98 98