99 99
000000000000000000000000000000000000000000000000000000000000000000000000000000000000000000000000000
000000000000000000000000000000000000000000000000000000000000000000000000000000000000000000000000000
000000000000000000000000000000000000000000000000000000000000000000000000000000000000000000000000000
000000000000000000000000000000000000000000000000000000000000000000000000000000000000000000000000000
000000000000000000000000000000000000000000000000000000000000000000000000000000000000000000000000000
000000000000000000000000000000000000000000000000000000000000000000000000000000000000000000000000000
000000000000000000000000000000000000000000000000000000000000000000000000000000000000000000000000000
000000000000000000000000000000000000000000000000000000000000000000000000000000000000000000000000000
000000000000000000000000000000000000000000000000000000000000000000000000000000000000000000000000000
000000000000000000000000000000000000000000000000000000000000000000000000000000000000000000000000000
000000000000000000001010000001110001000001000100101100010001000010000000001000000000100000000000000
000000000000000000000100000101001000001000100000010000000010100010000101000001000010000000010100000
000000000010000011000000101000100000000000001000010000001000101000000010000001000000000001000000000
000000000001100000000000000000100000100000011000000000100100110000010010111000000010000000000010000
000000000000000100001000001010000000000100000001000000100000000000000001001010000000001000010000000
000000000000001001010101001000000000000010001000010010000010000000011011010000000000100000100000000
000000000000010000000000000000001000000100010000000100001000000110001000000000010000000000001100000
000000000010010000000001000000000001000000000000000000000000000000000010000000000100000111010000000
000000000001000000000000000110000000000000000000000100000011100010000000000000000000000001101000000
000000000001101001000110101010100001000000000000000000100010001000000001100100000000000000000001000
000000000000000000101001000000000000001000000000100000000001011000010000000000000010000000000001100
000000000000000101000000010000001000000001000000000000001000010001001010000110100000000000000101010
000000000000001000010010000100000000001110000110000000100000100001000010001000000000000001000010000
000000000010001010100000000001000000001111001000001100000000000001000000010000100100001000000000000
000000000001000001000000000000000000000001001001100010000000000010100000100100001000000100100000000
000000000000000000000010000100111100010001000000000010100001000010000000000010100000000000000000000
000000000000010001001010000100000000000001010000000000001000100100000110010000100000000001000010010
000000000000100000100001101000000101010000100000010001000000110000101001010000000001000001010101000
000000000000101100001000100001001101001100100101000000101000000000000000000000000110000001001000000
000000000000000000010010011100000001100000000000100000000000000000000110001000100010010001010001000
000000000000000000010000000000001000001000100010010011110010000000001000100000000100100000100100010
000000000011010000000101000000110000100000000001010001110000000100000000000000001000000010100000100
000000000000001110000001010101000000100110001000000100001001000001010000000001100000100000000000100
000000000010100000001010010000000100001010000000100000000101000011100001101000010010000001010000000
000000000010001001000001000000010001000000000100100100010000000000000000001001101000001010000010010
000000000000000000010001000000000101001000011000110100000100000010000010000000100000000000000010000
000000000001000110000100011100100000000000000000000010000000000000000000001000011001000100011001000
000000000010000010000000001000000100001100011000101001000000001000001000000000010000001101010011000
000000000010000000010000001001000000000101010010010000010000000000000000100111000000000000110000000
000000000000000001000100000100000000000000000000000010010000000010000000000000000000000100000000000
000000000000010000010000001001000001100001001001110010001000000001100001000000000010010000000000000
000000000010100000010000000101101001000011001010000000100010101010011000010000000000110001000000000
000000000000000101100000100100100110111000011000001000000100000100000000000001000000000000010011010
000000000000100100000000000000000010000000100010101011001010000001101000001000101010010000010000010
000000000000000101000000000001000000101011001100000001000000000000000100000000011000100000110100000
000000000000010011000000000000001100010000100000001000001000000000010000001001000000000010001000110
000000000000000000100100011010100000000000000010101000100000100000010010000000000000100001000001000
000000000000001001001000000110001000010101101000000000000000000010000010000010101100100011000010100
000000000010000000000010000000000001000000000000000000000000100100011001000000000101000000000100100
000000000001000001010110100000000000011100000101000010100110000000010000100000000000001100001101000
000000000001000010100000000000000100000001101101000000000000010000000100100000000000000100111010010
000000000000001110010000001001000100100001100000000000010100100000001111011000000000000000001010000
000000000000000000000000000000000101010000010010000000010000100001000010000100000000000100000000000
000000000001000000010000100000000000010000001010101100000000100000000000000000001001000000000000010
000000000010000000000000000100010000001100000011010000010001001000100010100100100000011000000100000
000000000010001010000100101010100000000100000100100000010001001000111001000001000101100000000001000
000000000001000100000010010000110100100000001000011000001000000000000010100010010000011010010010000
000000000010001000001001000101010000000011000000100100001000100000000000000001101000000100001010010
000000000000000100000000000010101101001000100001000000101010000010110000000000000000100000000000100
000000000000001000000101000000000010000010000010000010000010000000010000000000100100000110000110000
000000000010100010000000000000100000001000000001001000011000100100100000100000000000000100001000000
000000000011011100000000000110000000001100000000000010010100000000000010001010100000100000000000000
000000000000010101000000001010000000100010100011010000000101000000000100001100001000100000100010000
000000000000000100000110010001000101010010001010000001010000100001001000100000000100000000001000000
000000000000000010001000000000000000000000010001000000010000100000000000001001000000100101010000010
000000000000100100000100010110000000101000000100101100000000000000000001000101101000001101000011000
000000000001000011000000000000100100001100100010000000000000110000100101000000101000000000010000100
000000000000000100000000010100001010101100000000010000110000010111101100010100000010001110000100010
000000000000100000000010101000000000010001100000000000001000000100101100010000000000100010000000010
000000000001000000000000000100100001000001001010010000000000000101000100000000010100010000001000000
000000000011000010000001000000110000000010100000000001000000000100010100100000110110110010000000000
000000000000000000010000000000000000010001001000000010000000000001010010011000000000000000010000010
000000000001010000000000011000000001010000000001100000010000010000000010000000010100000000001111110
000000000000000000100000000000001000111000000000000000010100001100000000000000010000000000000010000
000000000001000011000000000000000000100000100010000000000000110000000000000000000010000000100100000
000000000001000010000000000000000010000000000000000001000101100001011000100101000000000010100100000
000000000000010100100001000000010010010000000000110000001000000100000010001000100101000000000000100
000000000000011001000100000010000000100000001010010001000000001010100010000100000000001010100000000
000000000000101000000000100010010100000001110001000000001010000000001000000000000000001110010010000
000000000000000100100010011100101000000100000100010111000010001010000000010100000000000010100010000
000000000000000000010000110000000000100100000010000100000000111001001000000000101000000011100010000
000000000000100101000001001010000000000000001110001000110011000000100000001011100001100000000010000
000000000011000000000000000000001100000000000000000100000000000000110000000000000000010000011000000
000000000000100100010000001000100000100000000110000000000000110011000000000000001001000000000000000
000000000001011000000010000100001001000011000011001101010100010000011000000100010000011001000001000
000000000001000000000000000010000000000001000101000100001100001000001000001000000100001000010000000
000000000000000000000001000100000010000001000110100000000101000010000001000000000001100001001000000
000000000001000100100010000001000001010000100011010000000000000100000101000110001010000000000000000
000000000000010010000010100000001000001100000000010000000010000110000010000100000010010000011001010
000000000010111000010000000110000001000111000001000000000010000000100100000000010000000000101000000
000000000001000001101000100010010000000100001001000010100100000010011000000100100010001000000001000
000000000000000100011101000001110001010001000000010100000000000110000000010000000000101000101000010
000000000000000010000110000100001001100001100011000100010000010001100001001000010000010001000000010
000000000000000000000000000001110000000000100000001001000100001000110001011111000000000010000001100
000000000000010000010100000000011000001000001000001100100100000100100011000000000000000010100100100
000000000000011101000010000000001100001011000100110000100010010010001000000101000101000000001000000
000000000000001110000010110000000001000000011000001101000010000000000010111001001010000000000000010
000000000010000001000010000101000000000100110000001000010010000000000000110001010000010001000000000
000000000000000000000000000000000000000000000000000000000000000000000000000000000000000000000000000
0 0
98 98