99 99
000000000000000000000000000000000000000000000000000000000000000000000000000000000000000000000000000
000000000000000000000000000000000000000000000000000000000000000000000000000000000000000000000000000
000000000000000000000000000000000000000000000000000000000000000000000000000000000000000000000000000
000000000000000000000000000000000000000000000000000000000000000000000000000000000000000000000000000
000000000000000000000000000000000000000000000000000000000000000000000000000000000000000000000000000
000000000000000000000000000000000000000000000000000000000000000000000000000000000000000000000000000
000000000000000000000000000000000000000000000000000000000000000000000000000000000000000000000000000
000000000000000000000000000000000000000000000000000000000000000000000000000000000000000000000000000
000000000000000000000000000000000000000000000000000000000000000000000000000000000000000000000000000
000000000000000000000000000000000000000000000000000000000000000000000000000000000000000000000000000
000000000010000010000000110110000110001011000000100000000001000100000000000000110000000000000100100
000000000001000010000000000000010111000000001001000000001000010000100101000000001000000001110000010
000000000000100001000000100100100000000100000000111010110001100000000100000000100010000011000001000
000000000010000001000000000010100000000010001100001000000000001000001110000010000000000000000000000
000000000000000010010010000000000001000000000101000100000000000000100000000000101000100000100000100
000000000011100000000000000011010011100000000000101000100101101000000100010000000000000010100000000
000000000000000000000010000100000010000000000010000000100110010010010000001001000000000001001000000
000000000000000000100000000000100100010000001101000001000010100000000001000000100000000000000001000
000000000001000001100000011000001000110001000010000110010000000000000001000010001000000001100000000
000000000000000000001100010001100100000100001000000000010001100100000000010000001001100000001010000
000000000000000100100000110001000000001000010010000100010010100010010001000110000010000011001100010
000000000000000000000001101100100100010000100000000000000001010000000000000100010000000001010001110
000000000001100110001000100100000000000011000100010000000000000000111010001000100000010000000000000
000000000000000100000000001000100000010100000010100000000000001000000100001001000000000000010011100
000000000010110100010010100000100010100000000000000000000000000000001000100011000000100010000010000
000000000010010100001001011010000000000000001100000000000101000100000100000100000000000001000010000
000000000010000000010001000100000001000010010000100000001000011000001000000000100100010000010000000
000000000000000000000000100000000001000000001100000000000000110000000000000000000000000000000001000
000000000000000100000101000000000100100110000000010100010000000001000001000001000000000000000000000
000000000000010111001000000100100000100000001000000011000000000000001000000010001000000100000000000
000000000000001001000011000010100110100000010000010110001000000010000000000100100100000000000000010
000000000000000100001000000011000000000001000010100011000000000011001001101000000000000101000000100
000000000000000110100011001000000000000000000000110001000000000000010000000010010010000100110000000
000000000000001000100100110100000000000000001010010010000000000000100000000000010000000010001011010
000000000001001000000010010001010000000000100100000000000000000001011000100000000100000110000000010
000000000000000000010000100100010011000000000010010100000000011000000000001100000000000000000000000
000000000010000000010001000000110100100110000100000000010000000010010000000000010011001100100100110
000000000000000001000000001001010000000010010000000000000001000000000000001000000000000001010000000
000000000000000100000100000100101001000000100010100000101101110010001000010110001100001000000000110
000000000000000001010011000001000010000000011010100000000010011010000011000000001000000000100010000
000000000000000010101001001000010001000001000000000001000100000010000000000010000000011000001000010
000000000000000010000000001000110000001000001111000001100001100000000011010001010010001010000000100
000000000000000001000000000101000000000000000011001010000001001110010000000000000011111100001110000
000000000000100100100000000000000011000010000000000100010110001110000001001000011100010000001001110
000000000000000000000001001000000001000010001001010000010100001100001011000100011000000000000001000
000000000001000001000000110000000000010010001010000011001001100000000000001101000000000010000000000
000000000000000001011011000010000000000100000000010100000000000000000010100101011000000001000001110
000000000001100000100000000000100001000000000000000000000000100000010000000000000000010010011000100
000000000010001001010000010000001010000000000000010000010000000000100000000000010100000000000000000
000000000000000010000000000100011100011000100010100101000000000000001001010010010000000010001101000
000000000000100000000100000000000000011000000010011000000000000001000010000001000000011000000000000
000000000010000000000001110000000000000000000001000001111001100000100000100000010100000000100001010
000000000000000000000100000000000001110000001000000000010000100000100010100001000001000000000000010
000000000001010000001001100100000000001000010010000000100010010000011000001000010000100010000000000
000000000010001010000000000000000100000000000010000100100000100000100010000001000001001101001010100
000000000001000010000000000000000100010101000000100111000000110001000001000001010000010000000000000
000000000000010100100000011000000010000001000011000000100000011100000110001001000000000001100101000
000000000000000011000000101000011110000100010000000000001100111000000000001000001000000010101100100
000000000000100000000010000000000110000001000010000100000001000010000000000100000000010100001000010
000000000000010000000100100000011010100000000001000001011000000000000000000000010010000000000100100
000000000000001100000100111001000000110110100000001000000100000000101000000000100010000000001100010
000000000000000000000101100000010001010100000000010000000001011000000001000001000001000001010000000
000000000010000000110011001000000000001000100100100000011100000001010000000000000000000100001100010
000000000000011000000010000101100001000000000010000010000000000000000000000000000000010000100001000
000000000001010000001000000101000011110000000001001000000100100000000110110010001010010000010000000
000000000010000000000011000001001000100010001100001000010000000010000001000000011000010000001010000
000000000000100100100000001010000000000000100000000000001010110000001000000000000000011001000000000
000000000001010100000000010000101100001010000000000001000100010001001000000000000000000011000001010
000000000011100100100000001001000000100000100001010001000000000010001010000000001000001000000000000
000000000010110110100000100010000010000011010000010000001000000000000010000001000000100000000000100
000000000010100000000010001000000010000010000000000000100100000000000110001000100011000010001000100
000000000000001000000001000000000100000010000000100001101000000000000000010000100010100000000000000
000000000000000110000000000000110010010000100100000000001001000000010000000000010001000000100000000
000000000000001000000001000001000011101100001001100000000000100110000101110000000001010000000000000
000000000000001000100010000000000001110000000101100000000010010000000100000000100000000000010000000
000000000000000000000000111010100100010001000010001000100101000000000110010001010001010100000100000
000000000000000000100000000000101000000000000000100000000000000001000100110000000000010000010100100
000000000000000010100000000001000001000000000000000010101000110010010000001010100000000010100001100
000000000000000110011000000100100000000010000001010010000000100001001000000110001000000000010001000
000000000000001100010110010000100000001101000000010000000000001010010010010000100000000110001000100
000000000000010101000000000000001000000000000000111001000100000000000000010000000000000010000000000
000000000000000010000000000000000001000000000000000000010101100001001000000000100000000000010000010
000000000000100000000010001001000000010010110001100010000000000001001010000100010000000000100000000
000000000010000001100000000000000000100000000000000001000100000010001000000000010000000001010010000
000000000000000000000000010000000001000001001100011000001001000010000001001000000010000010000010000
000000000001011000001000101100001000010100110100001000000000000001001000010000011000110000101000000
000000000010000000000000000001011000100000000001110000000011001000010010010001110000000101000001000
000000000000010001000100001100000010100100000000000100000010001010000000010100010000000010000101100
000000000011000110000000000001101000101000000001100000000000000000101000001010001001000000000000000
000000000000100000000000000000110001010001000000000110001000100100000001010100000000100100100001010
000000000000100010000110011000010000110100010000000001110000011101000010100000001001000001000100000
000000000000000001100000000000000010000010000000000001000100000000000000011000000001010000100100100
000000000000100001011000000000000101001010100000001110010001001000001000000101010000100000110000100
000000000000000010010100000000100000101000010000000000000100100000000000000000101000000110001000000
000000000001010000010000010010100101100001100000001010000000000000011000100000110000000000000110010
000000000000000101101000000100100000011000000100100000100000000000001000011100100000000001000100100
000000000000000100100000100001000010000010000000000000010001010001000010001000000000000010001000000
000000000000000000000000101111010010100010100010000000100010001101000000111000001000100101000100010
000000000000000000000000000000000000000000000000000000000000000000000000000000000000000000000000000
0 0
98 98