99 99
000000000000000000000000000000000000000000000000000000000000000000000000000000000000000000000000000
000000000000000000000000000000000000000000000000000000000000000000000000000000000000000000000000000
000000000000000000000000000000000000000000000000000000000000000000000000000000000000000000000000000
000000000000000000000000000000000000000000000000000000000000000000000000000000000000000000000000000
000000000000000000000000000000000000000000000000000000000000000000000000000000000000000000000000000
000000000000000000000000000000000000000000000000000000000000000000000000000000000000000000000000000
000000000000000000000000000000000000000000000000000000000000000000000000000000000000000000000000000
000000000000000000000000000000000000000000000000000000000000000000000000000000000000000000000000000
000000000000000000000000000000000000000000000000000000000000000000000000000000000000000000000000000
000000000000000000000000000000000000000000000000000000000000000000000000000000000000000000000000000
000000000011101000000000110010000000000010011100101000000010000001100001000000000100001000000000000
000000000000110010010101000000000011101000010000000000001000001000000000101000000110010000010000100
000000000000000100000000010000000001100000000001100110100100001010001100001000000000010010000101010
000000000000000000000010010011000000000001001100001110100000000000001000000100001000000011100000000
000000000000001000000000000000010110100001100000000100101100000110000011001000010000100010100010100
000000000010010011000000000001001010010000000010000000000010000001000000011000000000000011001000100
000000000000010000001010000000111000000000010100001000001010000001000000010010000000000000001000000
000000000000001000000010000000000100000000000010000000100001010100000000000010011010010010000000000
000000000000010000000000000000000001000011000100000100000100000010000101001000000110001100000000000
000000000000000000000000000100001000011000001000000000001000000101000000000000110001001010000001000
000000000000000000000000010100000000000000101000000000110111110100000001000000110001001100000000110
000000000000010000100000001101000010100001010000000010100001100001101001000001000000000100000001000
000000000000000010100000101000000001001010000000000110010000010001001000100000000000001000010000100
000000000000000000010100001000000100001000000010000000000000000000000011000000000000000000011010000
000000000010000000000000000000010000001001000000000001001000110010000010111000001000000001110000100
000000000000011000000000000000011000000000000000000000000001000000100000000000001001000001000000100
000000000000000000000000001010000001000000000000001000100010000010001000010000010001000100000100000
000000000010001000100011110000000111101000010000000000010000000010010010000110000100001000000000000
000000000000000001000010001000000001000110010010000001000000000000000000010000010100001100000000100
000000000000000100100100010000010001000000000000101001010110100000000000000111100100010000000001100
000000000000001101000001000000010010010000000000101000010000011100010011000001000000001000000100000
000000000000100100001011000001000000000000010000000010010110000100000010000100000000000000001100000
000000000000010111001000100000000000000000001000110000001000000000000000100000000000000010000100000
000000000011100000001010001000000100010001000100000011000011000000110100100100010000110000001010100
000000000000000001110000001000000000011000000001001001010100010100000000000010000000100000010100000
000000000001100111100000100010001000000000000110001000000001000000000000010100100100001000100000000
000000000010000000000010001000000100100001010000010000000110010010001010001001000000000000001000010
000000000000001100010100000000001000001111000001000000010101010000000001100100000000001100000000100
000000000000000100000000100000100010010010100101000000001100000000100101100100000000001001010010010
000000000000000010001100000010000100100100000000110000000000100100000010000000000010000000100001000
000000000001011010000001100110000011001000000010000010010000010001000100000100001010000000000011000
000000000000001101000010010000000010000010000100000100100000011000010001000000000000000100000100100
000000000000000000001100000000000100001110000100000001100000000000010000000001010010010000000000000
000000000000001000000100000000000000000000000100000110000101000110011000000000100000001010000100000
000000000010111000000111001000100001010001100000100001000000001000000000000100000000000000001000000
000000000000001000001000100000001001001001011000000001000000100100000100000100000101100000010100110
000000000000000000001010000000010000000000000000010100100000010000010000000100000000011000001000010
000000000001001010000001000000000010001100000001000000010011000000100010001100000000000001001000000
000000000000010001001101000100000000000000110000000010000000010001000001000001000100000001000100000
000000000000000010001000101000101100000000000011000000000100010100011001000010000000001001000000100
000000000010000010001000000000010000000000000001001000001000000000000000000001100101010010100100110
000000000000001100000001100000000000010001001000000000011100000001010000000001110000001100000001100
000000000000001001001000000000100000011001100000000100100001000001010010000000010000100001000001100
000000000000001000000000101001100000100000011101000000000000000100001101000100001000000010001000010
000000000000000000010000000000000000110000000100100100000001000000000101010000010001000010000000100
000000000010100000010000100000101001000100100000011000110100101000010100100100101000000000010000000
000000000000010000001000000100100000110001110000000000000000010010000000000000000000000100101000100
000000000000000100000000111001000001001000101000000001100000101000000000001011100000000110010010100
000000000000000100000001000001000000000100000100000100000111000000001100010000000100010001000010000
000000000000000000000100100000000100100000000000000001000000000010000000000000000010000001000001100
000000000000000011110001000000000000100000000000010000001000001001000000010000101001000000010000000
000000000000000100100000010100101000100000000000001000100000000001001100000000001000011000000010100
000000000000101101000000000000000001010001000000000001000000000100000001000000010000011100001001000
000000000000000000000000000010001000010000010000000000000110000001010010100001000000111101100001000
000000000000100010000000000001100000000010000000000000000000000010010000000000000010011000000000100
000000000000010000000010000000010000001000000000001110000000000100011000110000010000000001010001000
000000000001000000010000000000000001000001000110001001000000000000100010010000110000000001000001010
000000000000110000000100000010000011001100010000001001110010000010000100111010000000010000000000110
000000000000010001000000010101000000100100100000000000010000000010100100110001000000110000000100000
000000000010001110100100000000001000001010001010010000100010000000100000001000000000001001010000010
000000000000000001100010000110000010000000110001000000010000001000000101111000000000000000001000000
000000000000000100000000000100110100101101101111000100011000000001000000010000101000000000010001000
000000000011000010100010001100100000000000010000010000100000000100000011010000010001100001100001100
000000000000110000010101000000000000010010001001000000000011000000000000000000001000000100000001010
000000000000101011000100101000100010000100001000000100000000000000000100000000010000000000000000010
000000000010000100000011000000000010000010010000000000110000000011001000010000001000100000100100000
000000000000000001000100011100000000100000010111000100101000010010000010000001000001001000000010000
000000000000101100000100100101010000001011001010000100110100100000010000010000010100001000001000000
000000000011100000000001000000001100010100010000000010100100001110001000001000000100100100100000000
000000000010000000000110000000011000100001000000000000100000000001000010010000010100001000010010010
000000000010010001100100000000110000100001001000001001000010000000100011100000101001000001000010000
000000000000000001001100000100000000000010000000000010000000100100000011000001000011000010001001010
000000000011000000000000100010000000100000100010001000101100000000101000000111100010000100001000000
000000000000001000000100000000000100000100000000010000001000011001111000000100100000011110000000000
000000000000011010000100001000100010010100001000000110000000000001000000101000001011000010000000000
000000000010010000000010100100010010000000001000011010011000000000001101100000001000010000010000000
000000000001000110100000000100001111000001000000000001100110000100000000010010000000000010100100000
000000000000010000000001010000010000100000000000100011000000000010000010000000000000000010000000100
000000000010111000001000011001000000110000000000011100110000001000000000000001000001010001001010000
000000000000000100000001001000100010000000000110000001001011110001000000000000100000000000000000110
000000000010100101010001100001110000001000000000000010000000001000010000000000100000100100010001100
000000000001000001000110000110000100000000101000100100000000100000000110000000100000000000000010000
000000000000000000000000000000110001101000000000000100000001110100110100010010100001001111000000000
000000000010110000000001010001000100010000100000001001000000000010010001000100000000000000010100000
000000000000100100010010100000010000001001110000000001000000010010000000000100100001011000000000100
000000000000010101001000100000000000000000000010010001010110000001010000100000010000001010000000000
000000000000100000000000000000000000000000110000101010001000100000010000000010000011001000001000100
000000000000111010000001000100101000000010100001000000000100100000001010000000100000000101010000100
000000000000000000000000000000000000000000000000000000000000000000000000000000000000000000000000000
0 0
98 98