99 99
000000000000000000000000000000000000000000000000000000000000000000000000000000000000000000000000000
000000000000000000000000000000000000000000000000000000000000000000000000000000000000000000000000000
000000000000000000000000000000000000000000000000000000000000000000000000000000000000000000000000000
000000000000000000000000000000000000000000000000000000000000000000000000000000000000000000000000000
000000000000000000000000000000000000000000000000000000000000000000000000000000000000000000000000000
000000000000000000000000000000000000000000000000000000000000000000000000000000000000000000000000000
000000000000000000000000000000000000000000000000000000000000000000000000000000000000000000000000000
000000000000000000000000000000000000000000000000000000000000000000000000000000000000000000000000000
000000000000000000000000000000000000000000000000000000000000000000000000000000000000000000000000000
000000000000000000000000000000000000000000000000000000000000000000000000000000000000000000000000000
000000000000001000000000011000000000001000010010010100000010001010000100010010011001000001000000000
000000000000000000111100100011000101001100010000100000001100011010000000000010000000000000001000010
000000000000010100000000110000100100000000011000000111000000000000000000000000001000100000000000100
000000000000100011000000000001000100000011010001010001000110000000000000000010100000000100000110000
000000000001000010000000000000000000000000001000000000001001011001101000000000010010000100000100000
000000000001101000010010000110110001000001100100000100000000000100000001000000000001000010001010000
000000000000001001000100000010001110000000010001000000000001111001001100001000000000000000000001000
000000000010000000010010010000001000010000001101010001010000000000000100000101000010000000101010010
000000000011010100000000100000000100100000000000000010000000100000001000001110011100100010101001000
000000000000011000101010000000000000001000000000000010000100100000000000000000000010000010000000000
000000000000110001000100000011000111000010000101000000001000100100000000100000010100001001010000000
000000000000000000011010100001101101000000111000010001000100100100000000000000000110110000000110000
000000000000000000001100000001000000000101111001001000000001000000000001100000000000000100011100000
000000000000000111010010000000000000100110000000000010000000001010001001010000011000010000000001010
000000000010000000000000000000000000000000000000000000001100000000000100010100000000010000010010010
000000000000100000000001100100010000001000010000001010000001000010000010110000000001000111000000000
000000000000000000000001100100100000000000000011000000110000100000100100001101010010110001100101010
000000000000100010000000001000000000001000000000000000100100000000000100000000000000100000000000000
000000000010000000001001010101100010000001010000000001000100000001000000100000010000000001101000010
000000000001001000000000110000000100010001000000000100100000000000000000010001000000100000000000000
000000000000001000000101110001000000000000001010100000010100100100100100000000000000000000000010000
000000000010100010110000000010000101100111000100010001100001000101000000010011000001000001001101110
000000000000000010000000010000000101001000000010010010111000000000001011001010000101010011000100000
000000000000001000001000000100100000100000000100010100101100000000000000000000000000001010000000100
000000000000000100000000000010000001110010000000010100110000000001000000000000001000110001000000000
000000000010000000000010100000000001001000000000000000000001000000111100000000000000100000000000010
000000000000011001101000011101100001000100100100001000011001100100001001000000000010000001111001100
000000000001000000001000000000000010011000001000001010001000110000110010001000000000001100010001100
000000000000101001010001000100000100000000010000000100000000000010010000001000011110010010000000000
000000000000001101001000101000100000001011000000010100000000011000100000000100010000101000000000000
000000000000010000100000001001010000010001000000000010010000110000110000000000010000100000000001000
000000000010000100010000010001000000011000000101000000110000000100100000100011001000000100000000000
000000000001000100001001100001100000000000000000001000000000000000110000000000010001000010101000000
000000000000100000100000000000100000010000100000000000100100010000010000001001000000001011010000000
000000000000000110000000000000000000110000000010010000111100100000101000011000000000011010100000000
000000000010000000000000000000011010000101110010011001010001010000000000000010110100101000101011000
000000000000010100100001101100000000000110000000000000010001000100001011010000000010000011000000000
000000000001000000000010000000001000000000000000000000111000110010000010000000010000000000110000000
000000000000000000000001000001000000000001010100001000000000000000011010010011000001000000000000000
000000000000000100010000000000100010000000000000010000000010100001000000001011000000010000111100100
000000000001000010100110000111000000010010000010000011100100000000000000000000100010001100000010000
000000000000010000001000001000000010000000101000000000001010100100001010000100010000010001000000110
000000000000000101000000000000000000000000000100000000000010000000001010000000001000100001001000010
000000000000000100001100001000000000000010011000010010001010001100001000000000000100001100000010000
000000000000000000001010000101000100000000010000000100000000000000100100111000000010100000001010000
000000000000000000000001000000010100000001000000000010000011010110010100000001000000000110000010010
000000000000110100000110010001100000001000000100111001011000000000011000100001100010100000010100000
000000000010010001100000000001000011000110000001000000000000100010010000000010011010000101000011000
000000000010000000000000100000001000000000110000000000000101000101010010000001000010000001100010010
000000000000100000101001000101100000010000000101000000000000100001100001000000000000000000000000000
000000000000010010100000000010000001000000010001000000000001001000000010000000100101100000101000000
000000000000001000000010000000000010000000000000110100100000010000000100100100000001100000001001000
000000000000010000000110000100010000000101010001011000010100000010100001001001000000100000000110010
000000000000000001110111010100000000010000001100000000000010000100000000000000000010001000000000000
000000000001000001000010000000000000000001111000000100001000000000000000000000100000110000100011000
000000000000001100000010001100001001000000000000000001000000100000000100000000000000000100000100110
000000000000000000000010010000001000001001000010100001010000100000001000010010010011010001000000000
000000000000110100010000000000010000000000000001000000001000000100100001000000000100100000000001000
000000000000010000011110000100000101000001101000010000101100000010001000001000001011110001000100000
000000000000000000010000100010000100000000100000011000101011001000110000100011001000100101010000000
000000000000000101000100010000000000000000000001000000000100110000001000000010000000110000000000100
000000000000000000100011001001100000010000000000100100001000000100000010000000001000000000000000010
000000000000001100000011000010100000000000000001010000000000000001000101000001010000010100110100000
000000000000100000000000101010110101110001000000010110000000000100000000001000000000000000011010000
000000000000001001000000010000100000011101110000000000100110010011000100011000000000000000100110000
000000000000000000101000100000110000010011000001100001000000010000000000000000000000000000000000000
000000000000000000010000000001000110000101001100011001000000010010100001000100000010000110111000010
000000000010000010101001001000010000001000100000010010000001000000010000000010001001000010000001010
000000000010000001011010000101100100000000000100101000000000000100101000000100100001000001001000000
000000000000000001000100100000000000001010000010000000001000001000011000100010000100110000100000000
000000000010000000010000011001000000000000100110000000000100101010000010000010000100010110000110100
000000000000000110000000001000000000100010010100010000010101000001001000000000100000010000000000100
000000000000000100001000110000000000000000010000001100000000010000000000000000000001100000001001000
000000000000010000101001010000000000000000000000000000001100000001110100111000001000010000010000000
000000000000010011010100101100010010000100100010100000100100011001000000000100000000010000001010010
000000000001110100010000001010000000101011000110000000011100000110000010000000000000100000010000010
000000000001000000000000000000000000000000000001010000010000000010010101001000010000000000000000100
000000000000000001010000101100110000100000000101010000000000000000000100000000110000000000000001010
000000000010001010100000000000001000000100000110000001001001000001100010000110000010100110100101010
000000000000100100001011001000010000010000100000000001000000000111000000001010000000010000100010000
000000000000010000001001000010000001001000000000001101010110001110001000001010001000100000000100000
000000000000010000001100001000001010011000101110000100101001000000000001000100100101000010110100010
000000000001001100001000000101000100010100000000000001111000000000000001000000000101100110010000000
000000000011000000001000001001100010010100010000000000010000010000011110000000000000000100000100110
000000000000000100100000000010100010000000010000000101101001000100010000000100000000000011000000010
000000000001000000001000100100000000000000011100000000100000000000000010000000001000000110000000100
000000000000100000011101010100000000000010000010100001000000010100001010000101100000010000000000100
000000000001001001110100000010000000000001000001000100001010100001010000000001011000000011100100000
000000000000000000000000000000000000000000000000000000000000000000000000000000000000000000000000000
0 0
98 98