99 99
000000000000000000000000000000000000000000000000000000000000000000000000000000000000000000000000000
000000000000000000000000000000000000000000000000000000000000000000000000000000000000000000000000000
000000000000000000000000000000000000000000000000000000000000000000000000000000000000000000000000000
000000000000000000000000000000000000000000000000000000000000000000000000000000000000000000000000000
000000000000000000000000000000000000000000000000000000000000000000000000000000000000000000000000000
000000000000000000000000000000000000000000000000000000000000000000000000000000000000000000000000000
000000000000000000000000000000000000000000000000000000000000000000000000000000000000000000000000000
000000000000000000000000000000000000000000000000000000000000000000000000000000000000000000000000000
000000000000000000000000000000000000000000000000000000000000000000000000000000000000000000000000000
000000000000000000000000000000000000000000000000000000000000000000000000000000000000000000000000000
000000000011000000010000000101010001000001100000101000000110000000000100000000000000000100000000000
000000000000001000000000000000100000000010000110000000100100000000010000100000000101000000100001100
000000000000000001100001010000000000100100000001000100000000100000000100000000010000000000010101000
000000000001011000000000110100010011001010010000000000100000010001001101000000100100000010000000000
000000000000100000000010100010100000000001000000000000000100001011000110010001000010010001010000010
000000000000000000000000000010000001000100000110000101000000000000010010110100001000000100100001000
000000000000000000000011000010000101000000000000100001010011001000100000011100001100101000010001000
000000000001000001010000000100000000000010000000000010000101000000100000000001000001000000110100010
000000000000100101100000101010100010101001000000010000001100000010010000101100010000100100000000000
000000000010000010000000000110110001001010000001110010100000100000000110010100010010001000100001100
000000000001000000000000010011010100010000100000000000000011100000100001100000000000010000000000000
000000000011000010101000000010001010101010000000000001001001000000010000000000100010000000000000000
000000000000000000000010010001000100000101000000000100000100000100000001000000001000010001000101000
000000000010100000001000000100100000000011001000000000010000000010010100000101110000000000100000100
000000000000100000001010010000000001000001000000000001000000010110001001000001100000000011000100010
000000000000011000010110000010111000000000000000010001011100000010110000000000000000010011000000000
000000000000001001000000000000000010001001000011000000001000000000000100001010000001000100000010000
000000000000100001001001000000110100100000001010000000100000001011100000010001100001001100010010010
000000000001000001000110000100010010010000000000000000000100000100110011000100000000010000000000100
000000000000000001000100000000010001000000110100010000000011000001100100100001001000100000101000000
000000000000001000000110000000010010001010000101100000100000001101001000001000100010001001000000100
000000000010000100100000011010100001100001000000100001111000010000001010010000010010000000110000000
000000000001000000000000000000010000100110110000000000000001010000110000000000010000000001001000010
000000000001000010000000010111100000000000000011000000000111001100000000100001000100000000000010010
000000000000000000010000000100101010110001000000001001100011000000000010000001000001000001000001000
000000000000000000000100000001010010010000000000001000000100100001011000000000010001000000011000100
000000000010000100000000010100000110000100000100000000100000000001000001000100000000000000000000000
000000000010101000000000111000001000001111100000101000100001111011000000010000000010100000001110000
000000000010000100100000000000010001000000000100011010010001001010000001010100000000000011000000100
000000000000000000000000000000000010000000010000101010000000000000000000110010100000001010101001000
000000000000000100101101010100000001000010000000011000010010100101010000101000001010010101000000000
000000000010001000110010000000000010100010100000000000101010001000000000001000000001101000001100100
000000000000000000100001000010010101000000100101001100010101001100000010000000011010000001100001000
000000000000001100000000000100100001100100110100000000100000000000010001001000100000000000000011000
000000000000110001010101100000000000000100010100010100000010010001000000100001100000000000000000000
000000000001010001000110000000001010100000011110100000011000000000000110100000100000001101000000000
000000000000010101000000001000000000000100000001000000000100010000000010110100000000000000000000000
000000000000000000000000010000010000000000000110100001000000000000000000010000001000110010010000000
000000000000000010100000000000000000000100000000101000001000100010000000010000000000001001111100000
000000000000000000001001000000000100000000011110010000010000110101000000000000111001000000000000010
000000000010001110100111000000001001000000111000000000000001001010001001010000000000100101100000100
000000000011010100100000110010000010000010000000011011100100000101000000000110001010010001101000000
000000000001000000000000000101100001000000001110011000100010000010010000001000000100001010010001100
000000000000000010110010000010000101101000100100000000100000001000010100000001001100000000000010000
000000000010000010101000000100001000000000100000001000000000000000010100100000100001010000100100000
000000000000111101101001001000100001101010000100000000000100010011000100010001000101100001000100100
000000000000000000001000100100100000000000001000000000100000010001010010100001010000000000000000000
000000000000000000110010100110001100000000000000000001001010000001100001000010000001100000011000000
000000000001000000110010110000000000100100011000101000000110010000000001010010010001011010000000000
000000000000010000100010010000000100001011100000000010110000010100000100000000010000000000000010000
000000000000000000001100000001001100000000100010010100010000110110100001000000000001000000000010000
000000000000001110000001110000000000010010000000000000110000100100100000000101000000000100000000000
000000000000000000100000000000111011000000010000000000000000101000010010001000100000000010100001000
000000000001100011000001000000000010001000000010000101100000000100010000010000000000001000001010000
000000000010000000110000000010011001000000000000000010000000010000001100001010100010000110000011010
000000000000001010000000000000100000001001100001010101000000001000000000010001001000100010100000100
000000000000000000100110000101000100100100001001100100000000011000010000001000110000010000000000000
000000000000000100101100000000010000001010010010000000000000010000000000000001000000000000000001100
000000000000000111100011000010100000111001011110010101100000000000011000010000010100000000010110110
000000000000000010000000010000000100100000000000000101000000000100010001001000000010010111000101000
000000000001110001000001000000010000000101100001000000111101011000000000000000000110100010000010010
000000000000000001001001100010100000100010000010000000000101010000000000100000010010001010100011010
000000000001000010100000100100000000000100000000000000000100000011000000000000101001010001000110110
000000000000100000100000100010000000010000000000100000100000101010000001001000000000010000001000000
000000000000000000010000001010000000000010001000010001000000001011010000010001001010001000000001000
000000000000000000000100000100010000001001100010000000000001001010000000110011010000100001010100000
000000000000011011100010001000011101100000000100000000000100101001001010000000000100010001000001000
000000000000001010001110000000000010001000011011101000011101000000110100110000100000000010000000000
000000000000000110001000001001000000000000000010000001100000000000000010101000001010001001101010110
000000000000010010110001000110000010000010000100000000100000010010100001000001000001100000000010000
000000000010010000000000000010100010001100000100000000001000011000000000011001000010000001000000000
000000000000000000000000000000001010101000101010000001100100000000110000101000000100010000000100000
000000000010010001010101100000000000100001011000010000010000000100000000000100000000000100000000110
000000000000000000000001101001000011010000000000000000000000000001010000000000000000100010000000010
000000000001001000010001000100010100000100000000000001000000000010010000000100000000010000010000000
000000000001100010000000000110010001000000000010000000000000000100010000000000001000001000101001100
000000000001010101100000001101001100000001000001001000001000010000100000010010100000000010000000000
000000000000100100001000000101101101000000001000000000001101100001001110000000000000101100011000000
000000000000000000100000011001011010000000100010101000000001000000000100000000000000000010000000000
000000000010100101000011100110000100001001110000000111010000001010000010000000000000100000100101000
000000000010000000000000101000010000000001000000000010000000001010000000000000000100000010000001100
000000000001000000000111001101000000000010000000010001000000000000010001000000000000000000000011000
000000000001000000010000101010101001000010011001010000000000000000010000000010000000000000000000000
000000000000001100010000010011000000000100000110000000100011000000100000000001110011100000010001010
000000000000100000101000011000000000000001000000000100000000110000100001000000001001001010000110010
000000000000000000010010000000000010000001000000100010010101000000000000011000001000001000010000000
000000000000000000010001100100010100010000000000101000100001001011010110000010000100101110000010000
000000000000111000101000000100000100000000100100000010010010010010000000000100001000000000110011000
000000000000000000000000000000000000000000000000000000000000000000000000000000000000000000000000000
0 0
98 98