99 99
000000000000000000000000000000000000000000000000000000000000000000000000000000000000000000000000000
000000000000000000000000000000000000000000000000000000000000000000000000000000000000000000000000000
000000000000000000000000000000000000000000000000000000000000000000000000000000000000000000000000000
000000000000000000000000000000000000000000000000000000000000000000000000000000000000000000000000000
000000000000000000000000000000000000000000000000000000000000000000000000000000000000000000000000000
000000000000000000000000000000000000000000000000000000000000000000000000000000000000000000000000000
000000000000000000000000000000000000000000000000000000000000000000000000000000000000000000000000000
000000000000000000000000000000000000000000000000000000000000000000000000000000000000000000000000000
000000000000000000000000000000000000000000000000000000000000000000000000000000000000000000000000000
000000000000000000000000000000000000000000000000000000000000000000000000000000000000000000000000000
000000000000010000000000000011000100000001000000100100001000001010010010000010000000000000000110000
000000000001000010000000100001100000000000110000000000000000010001100000000001000010100000010010000
000000000000000000000100100000100001000000101010000000001000000000000000000010000110100001010000010
000000000000000110001000000001011000000001010001000000001100001010001100001100010001101001001001100
000000000010000000000011000000000000101001001100001000010010011100001000000100001000000001000000000
000000000000010000000000000100010000000000000001011100100000001000000000100001000000100001000100100
000000000000000000011100000001000100101010000001100000000000101001000100000011000010000000010000000
000000000000001101001000010000010010100100010010101000100110000010010001010100010000000010000000100
000000000001100000000000100000000010001001000110000100010000010001001000000100010000000000100000110
000000000001000000110000000010000110000000010000101000000000101010000000000100000000000000000010000
000000000000000000100000000000110000000101010000100000001000100010000001000000010000000000100001000
000000000001010110011000100011110101101011000000011010000000000000000001000000000000000010000011000
000000000001001000000010000100100010000010000000000000000000000000000010000011000000001100000010000
000000000000000010000000001000010010011000010000000110000000000100000000000000010000000000000110000
000000000000000100010000000000100110010110010100000101011100010010010000010000000010110011000001010
000000000000000000100001001000000010010000000000000000110010000111000010000000010000000000000001100
000000000010000010001000000000100011000000010000110000110000001100001000010000000000010000000010000
000000000000000001001010000100000000010000000001000000000001000000000000001000000001010000100000100
000000000000000000001000000000000000000000000000000000000000010000000110001000000110011000001000110
000000000000100000100010100001000001011101100000001000101011100001000000000000000000000000010000000
000000000001000001000000001000010001000000000000010000110100001000000100000010010110000100000010100
000000000000010100000100000000000000000010000001010001100100000010001101010001101000000010001101010
000000000001100000000000000000001100000001011001000100001000000100100000000000010000000000000001100
000000000001010000000000100000000000000101110000000000011000010000001000000000000001000100000000000
000000000000100010110010000000000000000001010000010000000000010000000000000000101000100000010000000
000000000001000000000101000001100000000000000000000000000010000100000000001000000000100001000100000
000000000000010100000000000001000000001001100000010100101000000100100000100000010010000000010000000
000000000000100110000000010000000000000000001000000000000000001001000000001000000000001010000010000
000000000010000000000010010000000000000100101001000101001111000110110001010000000000000010100000000
000000000000000000010001000100000100010010100010000000010101010010000101100000000000000000001100010
000000000001000001000000001000000000101000000000010000000000000000000001100000011010000100001000010
000000000001000101101001100000111100000000001100010000000000000100000100010000000001001100000000010
000000000000001000011000001001010000000000100000001000010100000010010001000100000000000010010100100
000000000000001000010000100000010000100100000001100000100000000000000000100001010000000000000000010
000000000000010000100010001000000010000000000000001001101101110010000100000110000001100010000011000
000000000000100000001000000010011000000000010000001001110000000110001010000100001000000100010000000
000000000000010000000000000001000001010000000100000100010000011000010000000100000100000000000010100
000000000000000101000000010111000100000010000001000000010000010000001010001000000100000000000010100
000000000000000100001000100000011010011001000000000000100000001000000000100000000000000000000100000
000000000010010010000100001000000000001000100110001000000010101001000000000000100100000000011000000
000000000000000000000010100000000001000010000000110000000100001010001001110100000010100001010000010
000000000000000001010010000000000100000001011000001000000000000000000000000000000010000000000000000
000000000010000000000010000011100000000000100000000000000011100011000101101110101010001000000001000
000000000000001000000000000000000110100000001001010100000010000100100000000100010001000001010000010
000000000000110000010000000001010000101000000000000010101100001000011100010000011001000000010000000
000000000000000100100000000000000100100100010000100000000000000000001000010100001000100000000100000
000000000010000000001100010100010000000100110000001100000001100010010000000100000001001000000000000
000000000000001000000000000101100000001010000000000000000001100000100010000001000000000000000001000
000000000000110101010000000101000000100000000100000000000001001001000000000000000000000011000000000
000000000000000000000100001000000000000101101000100100000000001000000100100100100001000001010011000
000000000000000000100001000100000001000010000000000000100010000000000000000001000000001000010000010
000000000011000000000000000000010010100000000010001000010001000110000000001000010001000000100001000
000000000000000010000000000010000000000000000001000000001100000000000000100000000010000000001100000
000000000000000000000111010000000000000000000000001001000000000000010010100000010000000100100100000
000000000000010010000000000000010000000000000011000010000000000110000011110000000101000010001000000
000000000000000110000000100010100000000001100000000000010110011000010001010100100000100001000001000
000000000000000000100100000100000000000000000010010000001000000000000000000110000011011000000000000
000000000000000000000100010000000000000000101000000000110010001100011000000000000001000000000100000
000000000010000100000000001001011010000000000000000000001000000000100000110000000000001011010000000
000000000000100000001100000001001100000000010010000001100000000000011000100000110000011000001010100
000000000010100100001010000000000000100000000100010100000111001000010000000000000001000010000000000
000000000000100000001000110010010000000001000001000101010010010001100000010000000000010010000001000
000000000001000000000000100010001100000100111000001000100001000100100000000000000000000100000011100
000000000010100000001000100000100000000001100001000100001000000011000010000100100100000101001000100
000000000001011000000000010100000010000100101000001001100101000110001010000000000000100000000001000
000000000000000000000000000000111000000011100000100000000001000001000000010000000001100010000000000
000000000000000001100010000000001100101100000010010101011001000000000010100000100100010010000100010
000000000010001010000100100000001000000000000010000000010001001000001000000000010000000010100000000
000000000001000000100000000000001010000010000010110000000001100000000000000011110000000010000000000
000000000000001000001000010100001000001001001010010000000000010010010000100000001100001000110001000
000000000000000000010000100001100000000000101001000011100001000000111000000000000100010000100110000
000000000000001000010101010100000010000001000000000000000000000100000101111010000110000010000000010
000000000001001100001000110100000100010100010000110000000000010001000100000100010010001000100101000
000000000000110000000100000100000010000000100110001000100100000000000001100000001000000101000000000
000000000010000000001000000000000100000000100100001001000000000000000000001000000001000000000001000
000000000000000000100000010000000000000000110010101000100000000000000000010000000000000001000000000
000000000000000000000000001001000001010010100010100100100011010111000000011000010000011010000000010
000000000000000100001010001000100110000001001000000000000011101010001100000010000000010000000010010
000000000000010010000000000000000000000000000100000000000100110100010100000010000000000010000001000
000000000000000000000000000010010100000000000000000001000000000100011010010000010100000000000000000
000000000000001011100101001001001000000000000000010000000000000000000000010000100010001000010000100
000000000010000110000010001000011000000000000100000000000100100010000000100010110000000011000001000
000000000000101110001000000000010010000001000000000000000001100101001001000101000001001010000000000
000000000001000010000000000000100010000011000000000000001000011001000100011000100000000001000000000
000000000000000000100010010000000000000000000000000000010000000000010010100001110001100000000000010
000000000000000000111000000011001000010000010001000001000000000011000000000000100001000000000100000
000000000000101000001000000000000000000000010100001001010010100001000000101000000000110010000001000
000000000000000000110100101000001111000010000000000001100000000000000110000001000000001000001100010
000000000000000000000000000000000000000000000000000000000000000000000000000000000000000000000000000
0 0
98 98