99 99
000000000000000000000000000000000000000000000000000000000000000000000000000000000000000000000000000
000000000000000000000000000000000000000000000000000000000000000000000000000000000000000000000000000
000000000000000000000000000000000000000000000000000000000000000000000000000000000000000000000000000
000000000000000000000000000000000000000000000000000000000000000000000000000000000000000000000000000
000000000000000000000000000000000000000000000000000000000000000000000000000000000000000000000000000
000000000000000000000000000000000000000000000000000000000000000000000000000000000000000000000000000
000000000000000000000000000000000000000000000000000000000000000000000000000000000000000000000000000
000000000000000000000000000000000000000000000000000000000000000000000000000000000000000000000000000
000000000000000000000000000000000000000000000000000000000000000000000000000000000000000000000000000
000000000000000000000000000000000000000000000000000000000000000000000000000000000000000000000000000
000000000010000000100110010000010010000000000101011010011000000101100001000000000100001010100010000
000000000000000000000100100000000010000010101000000000000100010000100000100001000000000110010000010
000000000001000100001001000001000010000100000000000000001100010000000110000010000100000000010000010
000000000000101000111001000000000010110000000000011010010000000011001010000000000001000000100100100
000000000000100000000000100000010010000000000000010011000001000000000000100000100000000000000000000
000000000001000000100000100100000100000000000010000100001000010000001000010100000010000000000000100
000000000000010110001000011000001000000011010000000100000100000000001010100000000101010000000000000
000000000000000110010000000100100001111101000000101110000000100000001100000100000010000100000000100
000000000000100110000100000000000001000000000011110000010001010000010010101010100010000000000000000
000000000010000000000000000000110000000000000000010000000000100000000010100000100100000000000000000
000000000000000010001000000000000001000011000010000000000000011100000000000000100000010110011000100
000000000000000000000000100000001101010010100101000001000000000100000000000000000000000001000010000
000000000010100000001000100000000010001000000000010000000000000101000001100000100000001000100000000
000000000000000000111001000000010001010000100100010000001000000000001110000001000010000001000000110
000000000000000101000001001100000001001011000000010000000000010000000000100010000110000000110000000
000000000001000001001000000001000110011001010000010001000000011001000000011010100000000000000000000
000000000000000000001000100100000000001100000000010000000011000100000000000011001010100001100000010
000000000001001010100010100001000000010010100000000000000001010100000000000000100110000000000110100
000000000001000010100000100100000100001000010010010000010000000001010011000010100010010110000001100
000000000000000000010100000101011110000000100100000110100000100010010000100000000101000001000100000
000000000001001000000000000000010100100100000100010001100000001000011000001000000010000111000101000
000000000000000000011000000000000100101000000000001000100000101000100000000010001000000000111100000
000000000000000000010010000000100000100010111000010000100000111000001000000100000110010001100100000
000000000000000110001000100100000011011101000000001001000001100000100001100001000000010101000000000
000000000000010001000010000000001000000000001000001001100000000000000001001000000000001100001010000
000000000001000000000101100000001010010100000000110110100000010000000000000000000000110001001001010
000000000000000000000010000000011010011000000110010100000000010100000001000000010101000000000001000
000000000000011011000000000100000110000000110010000000000001010100000010010000001010000010000000000
000000000000100101000101000100010000000010000010000000000100000001000000000001010010101000000000010
000000000010010001000000001000000000010101101001010000010000000001000000000100001000100001100000000
000000000001100010000000110001011001000110000000010010100101000001001000001100000000000000000000010
000000000000100000110000010001000000000000000000001010000010000100010000000101000001001000101100000
000000000010010100000000000011001001000011000000010100000000000010100000000000010000101100000000000
000000000000010000010000000001000001100000000000000000000000000000000000000000000000000000001010000
000000000000000000010000010000000000100100000100010000001110100000000101011011000000000000100100000
000000000000000001010000000000000001000000000001001011000000010000010000000000000000000000010000000
000000000011101000110000100001010010110011001011110000000000001010000010000000000000100000100000000
000000000011000100010000000000000000001001000000000000000000011101100001010010100100000100011000000
000000000010000000000100010010000011001000100010000000010000011101000000000010000100100000000101010
000000000001001010000000000011000001000010100101000000000000010000001010100001001000000010001000000
000000000011010000001000000100000000001100000000000000100100000110100000100000000001000000100100000
000000000010100000000100000101001010000000000101000000000000001001010000110100010000000001101101000
000000000000101000000001000100000001000101000000010001110000000000001000000110101010000100000001010
000000000000000100000101001001000000001000000100010100000000001010000000010101000000000100000100110
000000000000000000010000011100001000100000110000000000001110010000110100000000000000000001010000100
000000000000000100100000101000000000000100001000010000110010001010000000101001001010000001101100000
000000000010000000100001001100010100001000000000110001000000100000000000000000000000000101010000000
000000000010010001000001000000000000100010001010000000010000000110000000001100101100001011000000100
000000000000001010001010000000000010000010000000000000000111000110100001100001010011000100010000100
000000000000010000010000010000010100001010101000000100000000101000000000000000010001000010000001000
000000000010001000010000000000100011010000010000000000000001000100000010100000000010101001100000000
000000000000100000100010000001000000000000010000100011001010000010000011000000100000011000000000100
000000000000001110000001010001000100100101010000000000001000000110000100000000100001000001001100000
000000000000000100000000100011000000100000001100000001100000000010000000011001110011000010000000000
000000000000000000100000001000001001100010010110100000000010000000000000010111100010110001001000000
000000000001000000000000000000100000000010010000000100000100000001010000001111001100000000100010000
000000000000000100010100000000000100000000001001000100011110101100001000000010100000100000000001010
000000000001010000000100000101000001000000000100000000010000000000000010000110010100000000100000000
000000000010110000001000001000000100000100010000010000100100000000000011000000000101000000000000010
000000000000000001001000001010000000000001000000001100001101000000000010001000000011000101010000000
000000000001100100001000110001001001000000010000011000001000110000000001110010100000010000000111000
000000000000000010000011000101000010100000000000100110000000011000000010100010100001100001111001000
000000000000001000101000000001000001000001000100000000000000100101000010000110000000000000000000000
000000000001000000100100000101000100100110100000000011000010110000010010000010001000100000000000000
000000000000110000000001000010001011100100101000100000000001000000000000000010000100011000000001010
000000000010000101010000100000100000000100101010010011000000000100100100000010000001011001000001010
000000000010000001010010001000000011000101000001001000000000000000100011000000000000100000000001100
000000000001001000000100100000000011000000010001000000010000100010101000001000100000010101000001000
000000000000000000100010011000000100110000001000011001001010000001001100010001000000010000100000100
000000000001010100010000000000000000000001000000000001000000000100001001110010100000000111000000000
000000000001000011000000010101000001010000000000000000000000000001000100000010111010000000000101010
000000000001000000000001101000100010000000100000000000000001000010000110001000100000100110000000010
000000000010001000000000000000100001000010000100000000001000000011001001100100000000001000100001000
000000000000000001100000100000000000000100000000000010010001011010101000000001001110000000100000000
000000000000000000000001000000000000010110010010000000000010100000000001000000000100000010100010000
000000000010000001000000000001001000011000100010000000001110001010000010001000000001101010100000100
000000000000000100000000000000000010000100000000001100000110011001010000010001100010001100001000110
000000000000101000000010000101000101001000100000000000000000000000100100001100001000000000110110010
000000000000100011000000000000001000010000011100000010000000000010110000000100000100000000010001100
000000000001001000000000100000000000101000001000100100000000100101101001100001101010100000100110000
000000000000000000100000100001001010111000000000000010000010000100100000010001000110110010000001110
000000000000100001000010000100101001000000100011000011000000101001110000100010000000000000000100000
000000000000010100000010110010000000000100000100011011001001001000001000001000010000000001010100000
000000000010010010000010001010001000000011100000000000000000001000001000000010000010000000001100010
000000000010000000000100000100000001000000000100000111100000010100000100000000000000010001100000000
000000000000100001110000000000111110001000000000000000001000110000001101000000000011010000000000000
000000000010010101000000010010101000011010100000111000100010000000000000000000010001001100000000010
000000000000000001100100110100001100000010100110010001000000000000000001000000000010001000001010000
000000000000000000000000000000000000000000000000000000000000000000000000000000000000000000000000000
0 0
98 98