99 99
000000000000000000000000000000000000000000000000000000000000000000000000000000000000000000000000000
000000000000000000000000000000000000000000000000000000000000000000000000000000000000000000000000000
000000000000000000000000000000000000000000000000000000000000000000000000000000000000000000000000000
000000000000000000000000000000000000000000000000000000000000000000000000000000000000000000000000000
000000000000000000000000000000000000000000000000000000000000000000000000000000000000000000000000000
000000000000000000000000000000000000000000000000000000000000000000000000000000000000000000000000000
000000000000000000000000000000000000000000000000000000000000000000000000000000000000000000000000000
000000000000000000000000000000000000000000000000000000000000000000000000000000000000000000000000000
000000000000000000000000000000000000000000000000000000000000000000000000000000000000000000000000000
000000000000000000000000000000000000000000000000000000000000000000000000000000000000000000000000000
000000000000011100001000010010100011110010000010010000000110010001001000000010000101000000000000000
000000000010100010000010000000000011000000010100000001010000110001000010001000100010101110000100000
000000000011000110000010000000110010010000010000000010100110000100000000000000001000000000001000000
000000000011010011000000000110000000000000000100010000000001000100100000100000000101000000001100010
000000000000000001100000100010010000100001000000010010001000000000000011000011000000010000001010000
000000000000100100100000110001010001110001000100000001010100010000000000000000010000000001010110000
000000000000110010010000100000010000000000000000000001010001000000010100100000000101000000100000000
000000000000100000000000000001000010100000000101101000000000001000000001000000000011000100010000000
000000000000000010011000000100010000100100110001000000000010100100000000000000000000000000100000000
000000000011000000000000000010000000010000010010001000000001101100011000001100001000001000000000000
000000000001000000010100001010000110000001001000000000011000000000100010000000010101000000101000000
000000000001000100001010000000000001100010001010000000000001000000000010010100000000001011001100000
000000000000000001110101100100000000000110010000011000010000100100100011000000100001010000001000010
000000000001101000000000000100100001010000100000010000001000000000100001000010100000100000000100000
000000000000000101010001001010100000001001000010000000000000000010100110000000000100000000000000000
000000000000000000000100000011010000000000100000111000000011010101110000001000000000000001011001100
000000000000000000001001000000110010001000001001011000001001000010000001001000000011000100000000010
000000000001010000000100010010000000000000000000000000000001110100100011000001000110100000000110000
000000000001000110001000000000000010100000000010000000001010000100101100000000010000010000000000000
000000000000000000000000010000010000010100010000001000000001000100100010010000000011000100001000000
000000000000000100101111000000000000010010000101001000000001010100010100100001000000001000010100000
000000000001110100000101010000000000001001000001000000000000000000000000000000000101111000011000000
000000000000001010000101000010001000000010000001010000100100000010001101000000000000000001100000000
000000000010001000010101010000000000100000100000010110000000000100010000001001001001000001000000100
000000000000000000011000001001000010000000100000000000010011100000000011001101000011000000100010010
000000000001000000101010100000000000000011010000010000010000000011000011010000000100001000000010000
000000000010000000100000000000000000111100000000000001011010100100110110000000100000100000001100100
000000000010000010000000000000011000001010000000000000001111000000000101000001010001000101000100000
000000000001010000000100000000001000000010010000000001000010000000000100000100001001000100001010000
000000000001000000000000100010011100100110000010000100000000010010001010010010000000000011000100000
000000000001011001010000100000000010001001000000010011000001100000000000100000000000010100000100110
000000000011000001010000100001000000010000000010001000011101001000000010000000001000010001110100010
000000000001000110111000010100000000000000000000000000000010000100100001001001101001001100100100000
000000000000000000000101001000000000001000000000000011010001000000000000101000000000100001000000000
000000000001000101000110000001001010000000000101001110001000010000000100000100000000001001000110000
000000000000110010000001000000000000001011000100000000000110000000101000001101000100100110000000100
000000000000000001001000100001001000000000010110000010000001000000000011000000000000111000000000100
000000000000000000101000000000000000001000000001000001000000100100101100001101110000000000000000000
000000000000000010001010001100000000000110001100110010000000000100010000000000100010110000001000000
000000000011010100000101100000001100010100010001000000000011000000000001001011100110000001000100000
000000000000010000000101100100000000000001010001000000110000100010000100000001010000110010000010000
000000000000100100010110010010100001000000000010010010010000000010000001010010010000010000000010010
000000000000000010000000000000000000010001001010001111010000010000001000000010000010000100100001000
000000000000000010000100110100100010000010000000010100000001000010000001001010100011000100001010000
000000000000000010110010000100000000011100001110100000000000010000000000010010110000000011100000000
000000000000101110100011000000000000111000000000000010001100000000011001001000011010100000001110000
000000000000000000000000000000000100100000000001000000000000000100000000011000000000000000011000010
000000000001001000000000100000000000001001100000000000000000101000110100001000101000000000011000000
000000000001000001010000001100010110000000000100010000111010010000100001010100001000010111000001000
000000000001100101000001100001100000100010010000010000000000001010010010000000001011100001001010010
000000000000000110100001000011000000000001001100000000000010001100000010100100001000000101001000100
000000000000000000001000000000001000010011001000101001000000010010010000100000000010000000100100010
000000000010100100101000100000000001000000010000010000010010001010000110000100000000010000010000100
000000000000100010010011100000000100000000000000000001000000000100110000000010001100000010110010000
000000000000000000011001000000000000000000000000000110010000000100001000010011000000001000000001100
000000000000000000010000000101000100010011000001011000000110001000110010011000000010000000010000100
000000000010000000000001010000111000001000000001000100000000000100000000110001100000000101001100100
000000000010100110110000110000100000010000010000001000010100000000010100000110000000000101000100010
000000000000100100010100010010000000101110000000000000010101000000011000001000000000010001001000000
000000000000001000010100000001010000001001000000000011100010100100101000010100000000000000011010010
000000000000001000010001000000010001100010000110101000011000011000100000000000011000000000000000000
000000000000000010000100001001100011101100000000000001001000000000001100000100000110000100100000000
000000000001000111000000000001010010000010100001010000000000000000001010111000010000001000000000000
000000000001000010010000000001000100010000100000000100000010000100010000100000000000101000000000000
000000000001000100000010001000000000001000000000100100001000000000110000100000000000000001000110000
000000000000000000100100000000000100000000100000000000001000000000010001000000101000000100100000010
000000000000100001000110001001100000000000101100000001100000010000010110110000000000000100001100000
000000000000000000000010001100010000001000000011000000001000000000000000000010000001000000000000000
000000000011101000000011010101000000000100100000000011000111001010000000000000000000000000000000000
000000000000000110001010010100000000100000000000100000001100100010000001001000000001011000010110000
000000000001111100010000010000101100000000000001000000000000000010011000000000001010000110000010000
000000000000100000110100000000100000100001100100101111100100000000000000010000000110000000000000000
000000000010001000100110000010000010011000000000010000100110101001010100100010111010110001011010000
000000000000001000010000000000100100001000000000000001100011000100001000100001010101000000010100000
000000000000000100100101000000000101000000000100000000100100110000010000001000000000000001000100000
000000000001000001100001010000010001010000000000000000000000001000010010000010111000000000100000000
000000000000001000000100000010001010000000010001000000000000000001000000000001000000000001000010000
000000000000001000101000000001000000001000100000101001001000010100000001000000100000000100100000100
000000000000000001000100100000100000000101000100000000000001000101000000100010100000001011100000100
000000000010100000100000000010000000000100000000000000110010100000000000000000000111001000000100000
000000000000000100100001100000000101000100011100000000000100000000000000000001001001000000101000000
000000000000001001100000000000000000001000100010001001010000000000000001000010000010000100000000100
000000000010011100100110000000100000000010010100100001101010000000010001000100000010010000010001000
000000000001001001000000000000000100000100010000000100000000000000000011100100001001010100010010000
000000000000100100101000000000001000000011001001000100000001000000001010001000000011100101100000000
000000000010100000000000000000000101000000001000000000001001001000100000001001000000000000100010010
000000000001100011011000000001011011000100000000000000001101111010100000001000010000000000100000100
000000000000000100000000001100000000000000001000000100000000000010000000000110000010000010001000100
000000000000000000000000000000000000000000000000000000000000000000000000000000000000000000000000000
0 0
98 98