99 99
000000000000000000000000000000000000000000000000000000000000000000000000000000000000000000000000000
000000000000000000000000000000000000000000000000000000000000000000000000000000000000000000000000000
000000000000000000000000000000000000000000000000000000000000000000000000000000000000000000000000000
000000000000000000000000000000000000000000000000000000000000000000000000000000000000000000000000000
000000000000000000000000000000000000000000000000000000000000000000000000000000000000000000000000000
000000000000000000000000000000000000000000000000000000000000000000000000000000000000000000000000000
000000000000000000000000000000000000000000000000000000000000000000000000000000000000000000000000000
000000000000000000000000000000000000000000000000000000000000000000000000000000000000000000000000000
000000000000000000000000000000000000000000000000000000000000000000000000000000000000000000000000000
000000000000000000000000000000000000000000000000000000000000000000000000000000000000000000000000000
000000000010101000100001000000010011000000100001000010000001000000001000000000011101000101000100000
000000000000100001010110000000110100000010110000001000000011000011000010100101000000000001000001000
000000000000000001000000000001000100001011000010000000010000000001000000000000000000010000000110000
000000000010000000001001101010010000000110010100000000010000000001001000010000100001000000000011110
000000000000000110000000000000000010010100000000000010001010000000001000001010000000000010000011000
000000000010001000000001011010000000000100000001110000101000000100000110000000000000000000110001100
000000000001110100001100000011111000001000100000000000100010000000000100011001000001111001000011000
000000000000100100100000000110001100000000101000000001011000100000001100000001000100010101000000110
000000000001100100100010000100011000011001000010110100000000001010000000000000000100100100011000010
000000000010000100001000000100100000100001000000000000011000000110100000001101001000010000100000000
000000000000100000000000000010100010000010000000000000000001110011100000001000000010110001001000110
000000000011010100100100010000000000001011000100000001000000000011000010000000010001000110001000000
000000000000000000000000000000000010001000000100000011000100000000000001000000000000100100000010100
000000000000010000001000011010100000000000010000110000000100000001010010010000000000000001000010100
000000000000010000110100000000000011000001000010000000010100001001001000000000000000001000000000000
000000000000000101000110010001000010000010100000000000000000001110010000000000000000011000000000100
000000000000100000000100010000000000000010000001000100001000000100101001000000000000000011100000110
000000000000010010000000101100001100100000011100000000100110000001001000001000000000100001100000100
000000000000000001000010000000100000010000000000000000000011000000000000000000101010000000101100110
000000000000001010000000100000010000001000000000000000010010010000001010000000000000110100000001010
000000000000000000000001011100000010000100000000001000100100010001001000100000100000000000000000000
000000000000000000010010010000000001100000000100000000000001110100001001000000100000000000100100010
000000000000000001001010010000001000000101100000100010110000010000100000000000000000000000000010000
000000000000110011000010001100000000001101000010000100001000000100111000001000110001000110010010000
000000000000001101110001000000001001010001101010010000000001000000001000000000010100001110000001000
000000000000000110000000110000000000000000000001100010000000000000000000010000000101011010001000010
000000000010100000000010000010000000011010000000000001000000010100000000000000000000100011000100100
000000000000010000000010010101000011100000010010001100010000010001000001000000101000000100001000000
000000000000001000001110100000100000001011100000000000001100000000000000100000000100010000000101000
000000000000001010001000010000010100001001000000000000000001001100000010100001000000010011100001010
000000000010000000101000010000000000000001001100000000011010000010000100000000010100100001110000000
000000000000101011010010000000001000100010110010010000000001010000000000010100110000000000000001100
000000000010000001000000110001000000000100001001000000100010010001001101000100001000101000010100000
000000000000100010001000000000000000100101000000000000000000001100000101000000110100000010010001000
000000000000100000010101100000000000001000000110000000000011010000000000100000010000000000100000100
000000000000100000100000000000001000000000010000000000010010001010000000000000000000000000000100000
000000000001001001101100010000100000000000000001000010000010000000000000000010100001000001101001010
000000000000001010000001000001000010001010000001100000000000000010001100000000000100001001001010000
000000000000100101000100001000000000000010001000100100000000010101000000000000000000101000000000000
000000000000100000000000001000010000011100000100101000100000101100000001000000000000100001000000010
000000000010000000000001110000100000101010001100000000001000010000000000000110000000000000010000000
000000000001000110001000000010100000100110000000010000000000000010111000000000010001010001011000000
000000000000010010000000000000000000100010000000000000100000100000010000001000000000001000001001000
000000000000111000101000011010110110000011010000011000010001000000001000010000000010100000100001000
000000000000000000000000000000100000010001011000100000110000001010000111010110100000000000000000100
000000000000000110110000010000000000100000110000001000001100110000100000001100000011000100100001000
000000000000000100000000000000000000001001000100001000000100000001000011101010001000111100000100100
000000000000001000110000000100000010001100110001100001110000001101000010010010001100000000001100100
000000000011000000011100101000010001101000000001000100010000001000000000001011000000000010100000100
000000000000010001000010000000001100000100010000000000001000001010000001001100000000001101000010000
000000000000110010000000000100110010000010111001010000100110000000000001000101000000001000100000100
000000000010001000000010000100000000110000000011001011000000001001000001000010100110100010100010000
000000000001000000000100000010000000000010000000000010000000000001001000000010001000000000100000000
000000000000000100000100001101010010000001000010000000000001100100000001000110000010000000000100110
000000000000000000000000000000010000010110010001100000001000000100100100010001000000010000000101010
000000000000100000000000000000000001000001000000000010010010000000100001000010000001110000000100010
000000000001000000011000000100000010000100000101000000110000001000000000000000000111000001100100010
000000000000000000000101100000000110100001000000000001000000010010000000100000100100110010000100000
000000000000001000010010000001010000010100010000001001000000000010100000100000000011000001000100000
000000000010110000000000010000100000100100000000100010111110100010000010000000010000001100110000000
000000000000100000100011000000010010010011000101000011001100000000010010000000000001000001100010010
000000000000000110000010000110100000000000000101000110000010000000100101100000000001000001000000110
000000000001010000100000011000001010001010000100000001000000000000101100100011110010010000000000000
000000000001000010000000100100100000100110010000100010011000000000000000100101000100100001101000000
000000000011010000101101000000001000100010100001010100000001001001000000000100010000001000100010010
000000000000010000111000000100000100000001000000010000000100000000000000001000101000100110010000000
000000000000000100110001011100000000001000001000000000000000100001100000010000000000000000000111000
000000000001000000100000000101000000000000000000000001000100000000101000001001000000100110000000000
000000000000000010010010000000000001000101000000100010000010000001000001101001000001010000000100000
000000000000000100010010000010000000000000000001110000101000010010000010001100000100000110000100000
000000000010100000100000010001000000000001000011000001000000010100010010000000000110000001010000000
000000000010001000001000000101000000010100000010001001010000000000000010011111000100000000100001000
000000000000000000000001000001100100010000000000000010001010000100010000001000101010001001000000000
000000000000010000000000101000000000001000010100010001000000010000010000100000000000000000001101100
000000000000000000000000100010000000010000100000001000100000010101000010010000000100001000010010010
000000000000100000000000001001101011000101100010001011011000101010000000000000100010000001001010010
000000000000001000010000000100010000010001010001001000000000110000000100001001000001010000000000000
000000000010000000100100001000010000000010100000000000011010110010010100100100000100010000000000000
000000000001001000000000000000000001000000000000000010000000000001010001010000110100001000100010010
000000000000010000000101101010000000001000101000001100000001000100000000010001010000100000001001000
000000000000000000000000010100000000010000000000000000100000001001001000001000110010001000000000000
000000000000000011000100010000100000000100000000000001110000010000100100001000100000000101001000000
000000000001000010100000001010010001010000000000100000000001000000000001000000001110000000000001110
000000000001100000010100000100000011000110000000100001000000000010000111010010010000010000000000000
000000000001000110000011000010000000110000000000100000011010000000000001001110010001001000011000000
000000000000000000000000001100010011000010001000101000000000000001100000000010010010001010000001010
000000000001010100100101111000001000001000010110000000001010001000100000101100010001001010000000100
000000000000001000000101000000010100001000000010000000000001000010101111000001000010000000001000000
000000000000000000000000000000000000000000000000000000000000000000000000000000000000000000000000000
0 0
98 98