99 99
000000000000000000000000000000000000000000000000000000000000000000000000000000000000000000000000000
000000000000000000000000000000000000000000000000000000000000000000000000000000000000000000000000000
000000000000000000000000000000000000000000000000000000000000000000000000000000000000000000000000000
000000000000000000000000000000000000000000000000000000000000000000000000000000000000000000000000000
000000000000000000000000000000000000000000000000000000000000000000000000000000000000000000000000000
000000000000000000000000000000000000000000000000000000000000000000000000000000000000000000000000000
000000000000000000000000000000000000000000000000000000000000000000000000000000000000000000000000000
000000000000000000000000000000000000000000000000000000000000000000000000000000000000000000000000000
000000000000000000000000000000000000000000000000000000000000000000000000000000000000000000000000000
000000000000000000000000000000000000000000000000000000000000000000000000000000000000000000000000000
000000000000000000001100001000000000000000101110000000100010000000000100000100100101111000100100000
000000000000000000000001100010010000100001000000100100110000100011000010000000000000000000000000000
000000000011000000010101100010000000100000010000010000000010000100000000000000001101001110000000100
000000000000000000101000000000000000001110001010010100100010000000000000000000000000000000100110100
000000000000010000000000000010001000100000011101000100001000000010100000011000000101000000000100010
000000000011000010001100000000011010000010000001001101110011010010010110000000000100000000100000000
000000000000000000000011100010000000001000000010000000101010010100000010100000000000001000001100000
000000000000011010000000000000100000100010000000010000000000000100001000000110001101001001000000010
000000000001110100000000000110000000000000100010001001000000010010000000000010011001000000000000000
000000000010000000000000000110000010000000000000010100001000000010001010000000110110010001110010100
000000000000100011001000000001100010001101101000000000000110010000111000000100000001000010101000000
000000000000010110000000001000000001000100001101000000101000011001011000110000000101010000001000000
000000000000000000100010000001000000000000011000001000001101000000000010010001001100100001000001100
000000000000001000100001100000000000100110000001100000000000000000001000000000010000010000100000100
000000000001000000000100000001010000001010010001010000001000101000000000000000001000000001000000010
000000000001001100000010000000111010000010000000011000100000000000010000000000000110100001000000100
000000000000000001100000001100001000011000010100001000010000000000010000001000000011000000001010010
000000000001000000000000000000000000010100000101111001110000000011001000000000001000000000000000100
000000000000010001000100000010100100000000010001000000000100110000000000000000000100001100000000110
000000000000000000000000110000000000000000000010010100010000010100000000100001101000000001000000100
000000000000100000000010000001001001000010010000000110001000100001010001100000000100000010100000000
000000000010100000000011100000000001110100101001001010000000001000110001000000000000010000100011000
000000000000001100000000010100000010000000010000001000000100010010000000100101010000010100010101000
000000000000000001001001000001010000000101010000000000100000010100000001000100001000010000000000000
000000000011111000110000000000001010001000000001010000000010000000000010011000000001001011000000000
000000000000000000000001100110000000001001010000010000001000000000100000000000000000000000001000110
000000000000100100100001001000000000001100000000000000000000000110000000000000010001011000000001000
000000000000000100000000010000010000100100000100001100000000000110001100000000001000011101001111010
000000000000000110101000000100010001000111000110000011000000100010000000001100000000000110001001100
000000000000000001000001100000000010010000000010010000100000000100001000001000000001101010001100000
000000000000101010001001000010000010000100010101000000100000010011000001110000100010001000000000000
000000000001100000000001000000010100000000001110010000000000000010000100100000010010000000000000000
000000000000100001000000000000011010000000100010100000000001010000010001001001001010000000000000100
000000000010000000000100000010000001111011000000010101100000000010000000100001010000000001000000000
000000000000100000000000101000100010000000000001000000010010000000101000001010000110100001110000000
000000000010000000001010000000000000010010000001010000101010110000001000000101000000010000000100000
000000000000000110000000010000110000000000100101101000000000000000001000000000000000000000001000010
000000000000100000000000100001101011000000000010000000000000010000101000000101000001001101100001000
000000000000000000000000100000100100000000000000000000000000100001000100000000000100000011001001000
000000000001000001001011010000010000000000101000010000010011000000000000000010010000011100000011100
000000000000000100000000000001110000001001010000100001001000010000010001000000000001001000000010000
000000000000000000001110011000000000000000000100101000100000100000000010000000000000001000010000000
000000000000001000000000000000000010000000000000000000000000011100000000000010001010010000001101000
000000000011011000010000001100000100100101000000000000101000000000111000100100000001001000000000000
000000000000101000100000000100010000000001000010000000000010000000000001100001110000000000000000010
000000000001000000000000100000001000000011011000110001100000100001000000100000100000000010000000010
000000000010000010100100000000001000111001000000000000000100001010001000010101000000100000111000000
000000000000101000000000000000100010000000001001000001000100100001001000000001000000000000001000000
000000000000010010000001100000010101100000000000010000000100011001001000000000100001000000000000000
000000000011011011000000000100110100101000000100010011001000001000001110100001000100000011000101000
000000000000000100001100001100001000001100000000000000100001100110000100101000100000000000110100000
000000000000010001100010000000100000000000001100010001000000010000000000000110010101111100010001000
000000000000011000000100001100000000001000000010000100000000001001010001100000100001000000001000100
000000000000000000100100110010000000000000100000001001000000001000000010110000010001000101100000000
000000000000000000000100011001010000000010000100000001000100000010000000000000100000000001000001010
000000000000000001100000000000100000000010100001000001001000000000000001010001000000001001001000000
000000000000100011010000000001000001010000000000100000000000000111000000000100010000000010000010010
000000000001000000001100101000010001000000000000010001010010000000000111111100000000000000100001000
000000000000101000011000000100000001000100000001111010000001000000000001000010100000000100000000100
000000000000000000001000100000010000010001010000000011000001001000010010010101100000100110001000000
000000000001000000001000110000000100000000001101000000010000000011000000010110000010010001000100100
000000000000100000000000100000000000101000000001000000000000000010000001000100000000110000000000010
000000000000000100010001010000100000100000000010000100011111000000100000000000000000000011000000010
000000000000000000001010001011010000000000000000000010100000000000001000000000000000000000100100000
000000000000000000001000000100000000000000000000010010111000001100111000001000101100000000010000000
000000000010001000010101010100000000001000000010001000000011000011110010101010100100000000000000000
000000000000000000100000001000000000000100100000010000010000000010010000001000000100000000000001100
000000000000000001000100000000000010000100000010011000000001010001010000001000100100010100010000000
000000000000000000100000000000001001000000001000000001000010000101100100000000010000100000000010000
000000000000100010100000000001110000010100000000000000000000000000010000000000000100001010000101110
000000000010001000010000001010010000000100101100011000000000001001000000100000100010001110000001010
000000000000010000000001100001000000100000000000000000000000001000001000001000001000000000100000010
000000000001000010011000010100010000000010110010000010010001000001100100000010001001001010000100010
000000000000010000100100100110000000000110001000000001000110000011010100010000000000001110001100000
000000000000000000010000000000010100100100010101001010000001100000000000000000000100001000000000000
000000000000000001000000000010001101010100000000010100000010010001000000000000001000000000010000000
000000000000100000000010011100101000100000111010010000010000000000010110000110100100100000100000000
000000000000100100000100011000000000000000011000000000010010000000000000000101000110101110100001000
000000000000011010000010000001001000000110000010000000101001100000001100001000010000001101000000010
000000000001000000011000000000100100010000000001000001000011001000001110110001011000000000010000100
000000000010100001000000100000100000000010011110011000001100001000000001100000000000000000000001100
000000000010010000000100100110000101010000000000000000000000100000110100000000000011011000000001100
000000000000001000000000000010000000000000000001010001110100000001000000010000110010000011010001100
000000000011100001000101010010000010000110000000000010001100000011000001010010000000110000100001010
000000000000100010011100000000000100000110001101000010000101100100000100001000000000001001000000100
000000000001100010000001100010000000000001000001001110000100000010000000000001000000000010000000000
000000000011101101001000011100000010011010000100100010000000000100100010000001011000000000100000010
000000000000000000000000000101000100011001000000000000001101000101001001100010000001100000000010100
000000000000000000000000000000000000000000000000000000000000000000000000000000000000000000000000000
0 0
98 98