99 99
000000000000000000000000000000000000000000000000000000000000000000000000000000000000000000000000000
000000000000000000000000000000000000000000000000000000000000000000000000000000000000000000000000000
000000000000000000000000000000000000000000000000000000000000000000000000000000000000000000000000000
000000000000000000000000000000000000000000000000000000000000000000000000000000000000000000000000000
000000000000000000000000000000000000000000000000000000000000000000000000000000000000000000000000000
000000000000000000000000000000000000000000000000000000000000000000000000000000000000000000000000000
000000000000000000000000000000000000000000000000000000000000000000000000000000000000000000000000000
000000000000000000000000000000000000000000000000000000000000000000000000000000000000000000000000000
000000000000000000000000000000000000000000000000000000000000000000000000000000000000000000000000000
000000000000000000000000000000000000000000000000000000000000000000000000000000000000000000000000000
000000000011100001000000000000000000001000001000000000000010100000000000110000000100010000000100000
000000000000100000101001000001001000010000010000000000010000011110010010000010000001110011001110000
000000000000000100100010000001000011111001110000001010100000000000000110011000000000000000001001010
000000000000000010010011100010100001100000000000100000000000000000000000011101000000100001000000000
000000000000000000000000000000111000010000010010011000000001000000000001010100000100000010100010000
000000000000100001001010000000100111010000000101010000000001100010010010001011000000000000000001000
000000000001011100000001000000101110001000100000000000110010010000000000000010010000001000000100100
000000000010010101100000000000001010000100000000110100000000010010000001010000100001000000001100100
000000000001000000011101010100000000000010000011000011000000000000000010000100000010000000110000100
000000000000000001000000000000100000001000100001000000110001010100010101000100000010000010100000000
000000000010000100100000110010000000010000001000000001100100000100000100000000000000000010100100000
000000000000000000000000001010001000000101000110010010000000000000000000010000000001000011010000000
000000000001000000000010000000000000001000001110000000010010001011000001100101000000010000000000000
000000000000000000001000010001010011010000000001010000100011000000000000000011001000100001000000010
000000000001000000000000011001000000001000000000000000000001011000100100100000100000000011010000100
000000000000100010000000000001001000100000000100000000000000100000011010110000010000101011001001000
000000000010000000000001010000000000101001000100100000000000101000011100000000000000010010000010000
000000000001000000100000000100000000010010000000000000001101100000000001000011000000001100000000000
000000000001001000000000010010000001100001000000000001000001000001010000000001010000000000000011000
000000000010100000010010000000001000011000000000000000110010110000000000100000000000000011010011000
000000000001000010000000010000100000001000100010000000100001000000000011101000000000010001100000000
000000000000010000100101010000000100000010000000000000010010000010000001100101000000000110001100010
000000000000001000000000000011000001001011000110000000000000010100000000000011001101000000100000000
000000000000100000001101100000110000000001111010010110100111000000010000010100010000000000010011000
000000000000110001000001000000100010110001011100000100110010000000010010000000010000100000010100100
000000000000000000000010100100000010011000101100101010100000000000100000000001010000000000000100100
000000000001010100001000001000000000000100000011010100000010000000000001000001111001000001000101010
000000000000000010000000000000000100100010010000000000001000100010000010100000001000100000000001100
000000000000100001000000000001000100000100000101111100001000000001000000000000000000000100000010000
000000000000000001000000000010011011000000000010000000001100000010000000000001100001011001110101010
000000000000000001000011000000001011000000000100010000000000000000001000000001100000000000000000110
000000000000001000100000010000001001000000000001100001100101000010100000001011001000000010100010010
000000000000001100000000000000110010110000100001000001000001010000000000001010000101010110000101000
000000000001000000000001000011100000010010100000000000000010010011000011000001000001000000000000000
000000000000000101000000110011000100000100000011000100011000100100001000011000010000000100000010000
000000000010001000000001000001001000000100100000000000010010000010110001000010000000000000010001100
000000000010000010010101000001100000000000010000000001001010000100001000000001000000011000000010000
000000000010000001100110001011000000000000010011000000110000010001000010100010000010100100100100000
000000000000010001000011010000000000000011010000000011100000000010100000000000000010000000000010000
000000000000000010000000000010100000000010000000000000000001000100001001000010100010000100001000110
000000000000000010000101000010000010111000000101010000010011000000000000001000001000000000100000100
000000000000100001000000001000001000100110000000000000001000000000010000000001000000000101000000000
000000000000000000000000000000000000000001100000000000000001100010011011000001000010000100010000010
000000000000001000001100000001001000000000000000100000001000000000000000000000010001000001100000100
000000000000000000010000000000001000000000001001000001100000010000000100000000010000000000010000000
000000000000001100000100100000000000100000010010010001000100100000000000011001100000000110000100010
000000000000000010000000010000101100010010010000011000000001001000000000011001000000000000101100010
000000000010100001001100010110001000010000000100000101000000010010100000000100001000000010100000100
000000000000000000100001000000000000100000001000000000000001010000000011010101000110010010000000010
000000000001100010000000000010000100000010000010001100100000000100000010001000000010110010000000000
000000000000110010101010000000110100100011000010000001000000000101010110000000001100001010001000000
000000000011000000000000000000100100100010010001000000000000000010111000000000100001000001000000000
000000000011010001001000100000011000010000001000000000000000000000000010001010010000000000100000100
000000000010000010010001000000000010000010000000000000100011100000101000011000000000001000101001000
000000000000000000000001000001100100100000000000000000101000000001000000000000101001101000100000000
000000000000100000000100000000000000000100110000001000010000001001000000001000000100111000110000010
000000000001100000000101000000011100010000000000000000110110000000000010101000000001000000000010000
000000000000011110000000011000001010100000000010001000000000000000000000000000100000101100000001000
000000000000000000001000001011000001000000000000000000100001001000000110001001000000000000011000000
000000000000000000001010010000001000100000000000001101100000110000000000000000000000010010000000000
000000000000000100000010000001011001000000011010000000010100100010101010100000000010001000000000000
000000000000010000000000000000000001010010010000000000000010010010000100000010010001001010100000000
000000000010000100000001000011000001000010100001000000100000000000100000000010000001000000000010100
000000000000000000001000011000000000010000010000000000100000100000000000100010000000000010000000000
000000000000010001001000011010001000100000010100000000000000000000000010000000000000000000000000000
000000000000010000001000100000010100001010000000000000000100100000000000000001000100010100000001000
000000000000100000000000000001000001000000000000000001000110000111000011000000100001000000000001000
000000000000000000001100001000001000001001000110001000000000000010000000000001000000100100001100010
000000000000000001010001100000110100001100001000000000001000000001100011001000000010000011000000000
000000000000000000000001011010100011000101010000000000000100000000001000010010000001000011000001110
000000000000001000000011010100000000000000000000100000010000010100010000000100000000000100000101000
000000000000000110001010100000001100000101001000000110001000001001100000000000000000100000000100000
000000000001000000000000001001000001000100000000000100000000000000000110000100001101010101011000000
000000000000001000001000001110010100001000001000000000010000010000100000000000000001010000000000000
000000000001001010010000000000000000000000000110011101010000000010000001001000000000000001000010000
000000000000000000000001000100000000000000010000000001000000000000000000000000000011010000000010000
000000000010000000000000010010101010000010010000110100001000000010000000100001000110110100001000010
000000000010001001001001011011011001000000000000000010000001000000100000110000001000000000000100000
000000000000010100000101000100010000000100000000000000000101000000010000000000110000000011100000010
000000000000000011000100010000000000001000001000000000010000100010000000001000000100001000000001000
000000000000000100010010110000100010000000001100010000000110000010100000110000000110000011001000000
000000000010000001110001000100010011000000001000100000000000000000101001100000000100001100001111000
000000000001000010000010000000000010010000000000010001000010000100000000010000000001001000000000100
000000000001100000000010100000100011010000010000000101100100000000000000001000000001000000110010010
000000000010010001000010010001000100000000001000010100101010000010001000000000010111000111000011100
000000000000010000000010000001000000100000001000010000000000000101010000010110010000000010000000000
000000000001000001010000100000010001001100000001000000000000000000011000010000000000000011001000010
000000000010101000010100000000000101100100001000000010000011000000000000000001100000110010100000010
000000000000000000000000000000000000000000000000000000000000000000000000000000000000000000000000000
0 0
98 98