99 99
000000000000000000000000000000000000000000000000000000000000000000000000000000000000000000000000000
000000000000000000000000000000000000000000000000000000000000000000000000000000000000000000000000000
000000000000000000000000000000000000000000000000000000000000000000000000000000000000000000000000000
000000000000000000000000000000000000000000000000000000000000000000000000000000000000000000000000000
000000000000000000000000000000000000000000000000000000000000000000000000000000000000000000000000000
000000000000000000000000000000000000000000000000000000000000000000000000000000000000000000000000000
000000000000000000000000000000000000000000000000000000000000000000000000000000000000000000000000000
000000000000000000000000000000000000000000000000000000000000000000000000000000000000000000000000000
000000000000000000000000000000000000000000000000000000000000000000000000000000000000000000000000000
000000000000000000000000000000000000000000000000000000000000000000000000000000000000000000000000000
000000000001000011101001000000001100000010000010100100000000110000001100000010001101100110000100000
000000000001001000000000000010000011000100000100000000000011100100011010010000000000100000001001000
000000000001101010000001000100000010000000000100001001001000010000000000001100000001001000000000000
000000000000000000100100001010000000010100000010010000000000000000000100000110000101010000001000010
000000000000000000000000000000000000111010001000101010010100010000010000000101000011000101001110000
000000000000000100001001100000001000010001100010100100000000001000100100000011100000000000000000000
000000000000000000000000111010000010100010101000000010000100000000010000000001100000000000010000010
000000000001001001100000000000101010010000100001100000000001010001010011000001100001100000000000000
000000000000000100001011000000000010001000010001000000001101101000010101000100000001000010100100000
000000000010000000100101000000000000001100000001101001011001000001000011010011000000010000000000000
000000000000000100001000001101100000000000000100000000000100001010100000001000100011011101000011010
000000000000000000000000001001110000010000000001000101100000110000000010000010000111000000001001000
000000000000100010000000010001000000000010100010001000000000000000010100010100000000000010000011000
000000000000010101100000110000110000000100100000001100001101010101110010000000000000000001000000000
000000000001000110000010000000100010000100000010000001000000111010000000000111001001000001100100000
000000000001000000010000010000000100010010001100000100100000000000101000000011101000000100000100000
000000000000110000000001010010001000011000100000000000000010001010001100110000001100000000001001000
000000000010000000000001000000000100000000000010010001100000000100000000000000100000000001000000000
000000000000000000001000000000000000100000001001000001011000100001010000001000000100000001010000010
000000000000010000000100000000000000010101010000000010000000001100100100000001010000000000010101000
000000000000010100000000000101000100000100000000100000000101000000001101000101011000101000010000000
000000000001001000001001000100011000000000000001000010010010000000000110011000110110000000100001100
000000000000000100000010000010011100000000000001000000000100000011000010010000011000000000000110000
000000000010100001010000011010100001001000000000100110000000100000010001000101000001000100000001100
000000000000001000100100001000100000000101010100000000000100000001100010000000000001000000010000000
000000000000100010100000100100000101000100000111000010000011011000100110010000010001010010110001000
000000000010000000000100000000000000100000100000010010010001000000001000000101101000010100000010000
000000000000000010000010011100000011100000010110000000000100000000000001000100000000000010000000000
000000000010000011110000000000000010001010000000001000000001100000000001000000010000000110011001000
000000000000001000100100100010010010000011100000000001011001000010000110100001011001000001000101010
000000000000001000000000101000010110001000000000100000000000100010000100010000100000100010100000000
000000000000100100000000001000010000010110010000000100000001000000100000000001000101000001010000000
000000000000000000001000001010100100011100000000000000110000000000001000000010011010000000100000000
000000000001000100000000000100000000000011000001001011110000010001001100001000100001001110100011000
000000000000000010000110010100100000000001000000101000000100000000100011101001001000000101000000000
000000000000000000000001000000011000000110000000000000001010000100001000101010000000000000000100000
000000000001100000000010100000001110111000000000001010100110010000000011001101000000011000000111000
000000000000100010000000000101001100000000010110010001000000000000010010000000000000100000000000000
000000000000100111001000000000001000000100000000000000000100001000001010000000000001000001100000000
000000000000011000000110000000001000010101101001010100000000000000000000001000010010100000000010000
000000000000000001000001000010000100000010000010000101000000010001100010000000000000000010110010000
000000000000000000000000000100100000000101000001000011000000010000001001000000000100101000001101010
000000000000000100000000000000000000001000000000001000010001000000000100000001000000001001110000000
000000000000000010000011001101010100000110001000001110001000001110000001000000000000001001000000100
000000000000000010011001001001000001000100000000101011011100000000000000100000000000000100100001100
000000000000000101100101110010000000100010010000011100000010000100001001000001010010000100000000100
000000000000000000011000001001000001011000010100000001000010000000001100000000001010100100000000100
000000000000001010010000000010100010101001010000100001010011000101000000000100010000000000100011000
000000000001000000000000100000101001001100000000000000100100001010001000000010001000010000000010000
000000000000000000100000001100001000100001001000010000011100010010000000101000000010000000000000000
000000000010010000000010001001000100010000100100000000000001000000000000001001000110100000010000100
000000000001100100000000100100000100001000010000100010110001000000001000000001010100010000100000000
000000000000000011000100000000011111101101010000110000000010000000000000010000000010000001100110000
000000000000100000000001000100000101100000001000001000000001010001001000010001100000000000000000000
000000000010000000010000101010101000010110000000000100000000010000000100000000000100000010000000000
000000000000000000000100000000000001000010000000010000000100100000110011000100000010000000000000000
000000000010100001001110000000000010000100001000111000010000000100100000110100011010000101000000000
000000000000001100000000000100000001000001001010000000000000000010010101010000110000000000100011010
000000000010000100000000010010011100000010010001100000010000100000101100000000110000000000100001010
000000000010010000000010001001000100000000000000000000000101000001100010101011001000000000000000000
000000000010001010000001010100001101000000000010010100100010000001110000000000100001100000010010000
000000000011010000001001100000000000001101010000110000000000010011000100000001001000000000000000000
000000000001001010000000001000000000000010110100000010010100000000000101110010000000010001000000000
000000000000000001010000000100010000001000101010000011000110000001100001000001001000000000110100010
000000000000010000001010000011101000001010110000000010000000010000010000010000100000000000010011000
000000000000110100000000000010001000011100000010100101000000100010100100000110001000000001000000000
000000000010000000101000000100000000010000000000100001000100010001001000000000000000001011001100000
000000000000010000010000100101000000000110000011000000110001000000000010000001110100010000010100100
000000000000100000010000011011000100000000000000100000000010000000001000000110010010000010000010010
000000000010000100001000000000000100001000000010000000001001000000001100100001001100000110100000000
000000000001010001010001101010000000001000100000000100001110100000000001000000000000000000001000000
000000000000001000010110100000010000100001100010000001000010000000100010001000000000001001101000000
000000000000010100000001010000100000000000000011110000000001001001000010000100000111000000000100000
000000000001001010010100000000001000000000001010000100000101010100000010000101001000100011000001000
000000000000000000010001000010000000000010100000100001000000000010000000000000000000010100010110000
000000000000010100000000000100010000001000000100001100100100110101100000000010100000010000000000100
000000000001011010000001101000000000100000001100000000100100100000100000001000100100000001100000000
000000000000000110100000000100010100110000000000000000001100000000000000110000110110101001100000000
000000000000000100000001001000000001000001010001010000000000110100100001000100000001100000000000000
000000000010000010000001000000001000011000101000000000000000000000111000010000000010000100000000000
000000000000101100000001010010010000000000000010010000000100000000100010001001011011001010001010000
000000000010001100001000000101000101010100000000100000001001000100110010010000011000100001000000100
000000000010010000001000000101010110010010100001000010010000000001000001001001010101000101100100000
000000000000111101000000000100000100010000000000001000000001000001000000100100000000001100010000000
000000000000001000000100010000011000110100010100000000000000100100000001100000000101001000010000000
000000000000001000100100000100010000011000000101100000000000000001001010000001011010011010000010000
000000000000000100000000000100001000101100000101000001000101100000000100000010000000000001100000000
000000000000000000110010000110000011001100000001000001000000000000001001000010000010000100001000010
000000000000000000000000000000000000000000000000000000000000000000000000000000000000000000000000000
0 0
98 98