99 99
000000000000000000000000000000000000000000000000000000000000000000000000000000000000000000000000000
000000000000000000000000000000000000000000000000000000000000000000000000000000000000000000000000000
000000000000000000000000000000000000000000000000000000000000000000000000000000000000000000000000000
000000000000000000000000000000000000000000000000000000000000000000000000000000000000000000000000000
000000000000000000000000000000000000000000000000000000000000000000000000000000000000000000000000000
000000000000000000000000000000000000000000000000000000000000000000000000000000000000000000000000000
000000000000000000000000000000000000000000000000000000000000000000000000000000000000000000000000000
000000000000000000000000000000000000000000000000000000000000000000000000000000000000000000000000000
000000000000000000000000000000000000000000000000000000000000000000000000000000000000000000000000000
000000000000000000000000000000000000000000000000000000000000000000000000000000000000000000000000000
000000000000000000000000100000100000011010010000000000001000001001000100001000010010001011000000000
000000000001000000101001000000000110100000000000010000000001110000100001000000000000000001000000000
000000000010000000001001000000010100000000100001110000000010000000000010010000100000000000000101000
000000000011000000000100010001001000000000101101101000000000000100000000000001000110000000000101010
000000000000000001000000001001000110100111000000000000000000000010000000100100010010011000000000010
000000000000000000001010000000001010000010001100100000000000000011011010000000000000000000000101000
000000000001000001010000011000000010101100100001100010000000000001100100000000110000010000000000000
000000000000000001001011100000000110000100100000010001010000000000000000000000000010001100100000100
000000000000110101000001001010001001010000001000001000000000010010001000000000000001001111011000010
000000000000010000010100100000000100010000010000000000000100000001000011100101100010000001101001000
000000000000001010000100001000001000000000101000010000100000101000001110000000101111010000010000000
000000000000110001000001100000000110000101000010000101000000001011001001101101000001000000010000000
000000000000000000010110000000100010000000000010000100000000010010001110000000000000000000010001010
000000000001000010000000000000100000000110100101100001100000000000000000011100000100110000110100000
000000000011110100001010100010000000100000001010001000001000010100000000000001001000010001000010000
000000000000000000000001000000001001100001100110000000000110000001011000100010000000000010000000000
000000000000010000000100100001000000000001101111000000000101100000010000000000100001000001000000000
000000000001010110000000011000000000000010000010011000101010001000000000000000001000010000000011000
000000000001000100000010000100100001000000000000100001000001000000100000110000000000000010001010000
000000000000000100000101000000101000010010000000010000000001000000000100100110011000001100000100000
000000000000011001000000100000000001000001000000010000000100000000000001000000000000000000000110010
000000000001000000110001100001000000000000000000100010000011110000001000100100000100000001011101100
000000000000000001111000001001000100101000010001010000000000001000010000010010110000000000000000110
000000000000000000010101000000000100001001000010000000000010001000100000000100000000000000000001100
000000000001110100000000010000000000000100000000100000100011000000000000000000100000010100000000100
000000000011100000100000000000000001000100100000000000010010000100100000000000100100000000001100000
000000000001001100100000110000011000110000000110000001001010001000000110010101100000010000001010000
000000000000001000010000000000000010100000000100000000000000001000000100000000000000000001100000000
000000000011000000100000000000000000000100001000000110001000100000000000000000000000000000000000110
000000000001001000100000000000000000010000000010000010000000000001101000000000000100000101011000000
000000000010000110010000000110000000000000000000000010000000100000000000110010000000110010010100000
000000000000000110100000000000000000000000001000000000011000100011000101010000001000000000000000010
000000000001000101100000010110000010101000000000001001011000010010010010010000010000000010000001100
000000000010110110000001110000010000010000100000000011000010000000000000000000111000100010101000000
000000000000000000000000000001000100000000001000100100001011000000010000101000000100010010000000100
000000000000011000000000000011100111000010100000000000000000000000010000010010000000100001000100000
000000000000001100010001111111000000000000010100000100000000000000010100100000000000000000000001000
000000000000001001000000001001110000000101001100000000001000000000100000000000000001000100000000000
000000000000010000001000101000001000100000001000000011000000000100010110000000000000100010001100000
000000000000010000000100000010000000000000000000000001010000000100100000100000001110011000100010000
000000000000100000100000001000001000100001100100001000100000000000000001010000101000001000000101000
000000000000000000010000000000000000100001100010001000000000000000000000001000000000001000011000000
000000000010010100000010000000001000000110000010001000001001000000100000010001000000000101000000100
000000000001000000000001010000001000001000000010000110110010000010000001000000000000000000000000000
000000000000001000010000011001010000000010001001010100100000010000000000100001000000100010000000010
000000000000010000100100000000010010000000000000010101111000000101011000100000011001000000111100000
000000000001000000000010011000000000000000000000000001001000000000000000100000001101101011000100100
000000000000000100000000010100000000000000110000011010000000000100110000001000000010000110001001000
000000000001000000010010000000010010001100100000101000100000100000011001000010000010100100100000100
000000000000000010101001100010101000001000000100011000000001001000110010101000000000000000000000000
000000000001000000000001000010000000100000011001000110000100000000000000000000000100000000000100100
000000000000001000010000100000010000110000000000000000001011010000000000000000000100001101000000000
000000000000110010001000000101011001000000001100010000000000010000000000110100000101000100110000000
000000000000000000000011000000000100011101000000000000000010000000000000000010100000010100011100110
000000000000000000000000101000101000000000000001000000100010100100000111000100000000000100010010000
000000000010000000100000100001010000011010000100000110000001100101010000010000000001000000101101000
000000000000000000100000000010000000000000010101001010000000011000000010000111100100101100000100100
000000000000001100000010011101000101000000001000000000000010001000000001100000001000010000000010010
000000000001000110000000100000001000100000000000100110000100000001010001000000001110011000001000110
000000000000010001000100001000000101000000001000000000000100000110011000000010100010000000100100000
000000000000000000001100000110010011000000000000000000000000000010100000000000000000100100000011000
000000000001001010100000000000000010000000000000000000001000100100000000100001000101010000110111100
000000000010001000010100000000000000000000010000001010100100000010000000100001001010010000000000010
000000000000011011010000010000000000000010000001000000100000000001000000000000000000001000000000010
000000000000000000000000000000010110000100000000001010000000001000000100000011001000000010000000000
000000000000010100000111110000000100100001000100000101000000001100100000000000100100010011000010000
000000000000000101001000100000000000000000010010000100001010001001100110001001100100100000001000000
000000000010001000000100001000000101010000010101100010001001010001000010100010000000000000000001000
000000000000000000000000010000000000000100010000000000000000100000111001000001010000100010000010000
000000000000000000001000010010001000000010100000000000100000010000110000000000001000010100010100000
000000000000100000000001001000000000001100000010000000000100000000010010101001000010100000000010100
000000000000000100000001010000100000000011000100010110100000000001000100000000000000001000000010010
000000000000100001000100000000100010100000000000000100001110000000000001011101000001101000000000000
000000000001010100001100000001010000010011010000010000001101011000000000100000000000000000001000100
000000000001000100000000000000011100101000001000000000000000000000000000001000000001010000001001000
000000000000000101000100010000001001001000001001000001000110000100000101000000010000000100001100000
000000000001000000000010000000000001101000001000001010001000000000000000000000000000000000000101000
000000000000000001010000111000000000000010000000011000000100000100000000000000010001001100000000000
000000000000010010000001000001001000000000000010010000001000000000101010001110001001100000000000000
000000000001000100000100000001001000000111000001100111100000000001000000001000000011100000000001100
000000000000000000010000000000000011010100001000000100010000000010010101000110000101001100000001100
000000000000010000100000110001011100100110011000001100100010000000000000000000000010001001000000000
000000000000101000000001111001110000000000000001000000000010001000010100000001000000000000000010100
000000000000100110000100001001010101001000000111001110100100110101000000000000000000011101000000000
000000000000100000110000000010000011110000000000000000001000000000000000000000110001010001000100000
000000000000000000010000101000001000001010000000101000010000100010111000100000001001000100000000000
000000000010101000000000000000000100000100000000100111100000001011001000010000000111000000000001000
000000000001011000000011000000000000000001100000000001010000001000000100100000000001110000000000000
000000000000000000000000000000000000000000000000000000000000000000000000000000000000000000000000000
0 0
98 98