99 99
000000000000000000000000000000000000000000000000000000000000000000000000000000000000000000000000000
000000000000000000000000000000000000000000000000000000000000000000000000000000000000000000000000000
000000000000000000000000000000000000000000000000000000000000000000000000000000000000000000000000000
000000000000000000000000000000000000000000000000000000000000000000000000000000000000000000000000000
000000000000000000000000000000000000000000000000000000000000000000000000000000000000000000000000000
000000000000000000000000000000000000000000000000000000000000000000000000000000000000000000000000000
000000000000000000000000000000000000000000000000000000000000000000000000000000000000000000000000000
000000000000000000000000000000000000000000000000000000000000000000000000000000000000000000000000000
000000000000000000000000000000000000000000000000000000000000000000000000000000000000000000000000000
000000000000000000000000000000000000000000000000000000000000000000000000000000000000000000000000000
000000000000000000110000100010000000000010000100010000000001101001000000000100000100010001000000010
000000000010000100100111100000000000000000000010000011001000000001000100100000100000000100001000000
000000000000000100100100001001000000000000000010000000000001000100001000011010011000000000000110010
000000000010100000000101000000000000010000000010001000010000000110000000000010001000000000100100000
000000000010100010010000000000000000001000000001000000101000011100000000000110000010100000000001010
000000000011000111000100000010000111000000100000101000000101000000000100010000011000000110000001000
000000000000010101100010011000000000000011101001001000011010000000000010000000110000001000100001000
000000000000000100000000000101110100000100010000010011000100000100000000000100001010000000000010000
000000000000000000110000101010000001000000000001000011011110000010100000100100000010010100011000100
000000000000001000110011100000000100101001001100010000000010010010010000000011100000001010001000100
000000000000000000000000100000000001000001001011100100001000000000000000111001000001010001000010000
000000000000000110000000000000001000101011000000100000100000010000000101000001000000000000000000100
000000000000000000000100011001010001110000000010101000001100101000101000000000100110001010000000000
000000000000001101000000100100010000110000000100000100000000000001000001110000000000000001000110000
000000000001010010011101000010010110010001010000100001000010100000000001000010000000000000001000010
000000000000000001000000010000000001000000001101000000010100000100100000000000000011000000000000000
000000000001001010000000000110100000100001100000010100000000001000000010000000010000011000000001000
000000000000100000100011000010000100010000001000000000000100010000000000111100000000010000000000100
000000000000000010000110000000000100000000001101011010000110000000000000010100111010000000000000100
000000000000100100000000010001001001011001000010110000001000001000000101001000000000100000011000000
000000000000100000000001001001000000010010000000000000000101000000001100010010001011000000010110000
000000000000000010000000000000000000100010000000010000000000001000000000000011000010100010000000000
000000000011000001010100000110110100000010000111010001100000111000110000000000100010100110000000000
000000000000000000100000001001000000000000000101000100000000000000000100100010000000000000001000100
000000000001001001000000110001010010000000010010001100100001110000010000000000110010000010001000000
000000000000000000010000000000000100010001001000000100010000000001000000100001001000000010000000100
000000000001010000000000100100000000101100100010000100010001000100000100111000010000010000100001000
000000000000000000100000101000011001100000011101100000000000000000000100000000010000000000011010000
000000000000110000000011010000111000010000100100000000011000100101010000000001101001101001110000000
000000000000010101000001000000001000100001000000000100000000000100000001000101001000000000001001010
000000000000010000000000010000000000011100001100100100000000000010000101000010001000110000110010100
000000000010000100001100000100001010010010100000000100000111110000000000000000001001000001000000000
000000000000000000011000011100010001000000010001000011000000000100011110001010110000000000001010000
000000000000000000001000000011100000100001000010000000000100010000100010100000001000000000000000110
000000000000110000010100000000000001101001000101000010000000101011000101100100000000011000000000000
000000000010100000100000001000000100000110000001010010000011001000000100000001000000000001110010000
000000000000001000000000100000001000001000100001100000000010000001011000000000011000000000000001000
000000000000010010000100011100000001100010100000000100000000000001000100000000010100000000100001010
000000000000000001101000000111000000001010101010000000000100000011100000000000000000000000000000000
000000000011000100001001010000000000100100000000010000001000110100000000000001010000100000110000010
000000000000010100001000000001101000100000010000001000000000001000000011010000000010001000000000010
000000000000110110000010000001001000000110000010100110000001000000000000001001101000000010000000100
000000000001100100000100100000000000010000101110001000100001010001000000000001001100100000100010100
000000000000000101000000000110000000100100010000000100000000000010000010000001000001000000000111000
000000000001100101000000000010000001011000001001001000110010000010000000010001000000001000011000100
000000000000000000000010000100000100110001110000000000000000000000000101000000000000000000000000000
000000000001000000011000000011000001000000000000101000000010000000001010010000000000000100000100000
000000000001001000010010010000001110001010010010000000000001010001100000010011001001100000100000000
000000000000000101000000000000010000001001101000000000110100000000000000001100100000000010000001000
000000000000000110100000100000100000000011000100011000010000001100010011000000000000110000000100100
000000000000000000000001000000000010000000011000010000000001000000000000000000001101001000000000000
000000000010000000000110000010000000000101101000000001010100000100000010010000100010000000001010000
000000000001000110101101000000000100000100101000100001000000000000000110100001001101000110010000100
000000000000100110000000100000000001000001000100000000000000000110101000010100001100010001100000000
000000000000000010011000000000010000000000010011101000001100001001000001000000011000010000100000100
000000000000000000110000000000010100010100100101101001010000000001100000000000100000000000000111000
000000000000000000011110001110011100100000000010001001001000000001010001000000000010110010100000000
000000000010100001010000000000000000110000010010100100000110010000000101000001000000101010100000010
000000000010100000110000100000000000101001010010000000010000100001000000000001000011000000110101100
000000000000001000000000010010001010000001000000100111000100000001001000000000100101000010000000100
000000000000100001101010010010000010000100000100000000001101100001000010000000000000100001000000000
000000000000000000000000001000001000000000010000000000000100101000000100000110110000001100110010100
000000000000000100000000100101010000000000000100001000100010000000000000010100110001000110100010000
000000000001000000100001000000100000010001001001100010010000100001110100000000001110100000100000000
000000000000001000000010010100100000000010000000000000000000000100000100000010000100000000100000100
000000000010000001000010000000000000000011010011001010000100001000000001000010000000010000001000100
000000000010000001000001010001000000000010010000100000000110001101100000000001100101000000010010100
000000000010001000000001000001100000000001000000000000100001010010000100010010001000000001001000100
000000000001000000010001100001000000001010000000010000010001010000010000000001000000010000000110000
000000000000010010000000000010000000000001100110000000000000000100100000100000000000010000100100000
000000000000000001011001010000000000001000010010000000010000001000000000100010110000000001000010000
000000000000000110000000000100000001100000000010000001000110000001001000000100000010000000010000000
000000000011000101001000110000000000000100000000000000110001001100000000000000000000000000101000000
000000000001010000001000000000010001000000100010000010100100000000000000001000010000100010000001100
000000000010010000000000000000100010001000000100010000000100000100000110010001100000001001110001000
000000000000000000100100000010000001011010010000110000000000100000100110000000001000101000000000000
000000000000000000100100010000100000001010000001101000000000001000000110001011000001100110001001000
000000000000001100010000010011011000010110000000001010000000110000001100000110101000000000110000100
000000000000000000010000101010110110010100001000100001000000000000110000100100001010010000000001100
000000000000001100000000000000100010100100000000100101000000011000000100001001000100000000000010000
000000000000000100000110000000101000000001000000100010000001100000001000000010100001000010000000000
000000000000000000010001100000010100000101001010010110000000000001000001000000000000100000000001000
000000000001100001010000000110000000111001100011100010000100110000000000000000000010000010001010000
000000000000000000000000000001000010000100100100001001000001010000000110000000000000110000100010010
000000000000000000000000001000000010000100100000000000100100111110000000000010011010000001110000000
000000000001000001001000001001000000100000000000000001010000100000000000000001000100100110100000100
000000000000101000010001100010000000000010010010001000001001010000000000100000000000000000010000000
000000000001101000001000000100000000001001000001000000000010000100000000000000101000001001000010100
000000000000000000000000000000000000000000000000000000000000000000000000000000000000000000000000000
0 0
98 98