99 99
000000000000000000000000000000000000000000000000000000000000000000000000000000000000000000000000000
000000000000000000000000000000000000000000000000000000000000000000000000000000000000000000000000000
000000000000000000000000000000000000000000000000000000000000000000000000000000000000000000000000000
000000000000000000000000000000000000000000000000000000000000000000000000000000000000000000000000000
000000000000000000000000000000000000000000000000000000000000000000000000000000000000000000000000000
000000000000000000000000000000000000000000000000000000000000000000000000000000000000000000000000000
000000000000000000000000000000000000000000000000000000000000000000000000000000000000000000000000000
000000000000000000000000000000000000000000000000000000000000000000000000000000000000000000000000000
000000000000000000000000000000000000000000000000000000000000000000000000000000000000000000000000000
000000000000000000000000000000000000000000000000000000000000000000000000000000000000000000000000000
000000000000000000100000100010100000000000000000100001000001111000000001000001000010000000010000000
000000000000010000000000000000010000100000110000000001001000100000000000110001000100000000000100000
000000000000000010000010010100001011000000000000001000000011110000000110100001000100000000010000100
000000000000000110000010010000000100001000001101000010100000011000101100011000000000000000000001000
000000000001000001000001010000010000000000000011000100010111001100101000000000000000000000000000000
000000000000000000001010001010000000000110000010000000000000000010000000000000010001001110000000000
000000000000010101000000000000001000000000010000100010000000001010100000001000000010000000011000100
000000000000001000010101000100001000000000101000001010010111000100000000100010000100100000001000000
000000000000100010000010001000100001100011001100010001000100000000000000011000000100000010000000000
000000000010000000001010000000000000010001000000000000000001000000010100001010001000000000010000000
000000000001000000111000000010000000000000001000000011000101000100000001000010000001000000000000000
000000000010000000000100000101001010001010001000011100001001000000110010000000000000000000000001000
000000000010000100001010100010000000000000000110000010001000100000001000100100010000000000010100000
000000000000000000000100100100000000000001010001000000101010000000010001000100010000000001000000100
000000000000000001001001000001000100000000100100001100000000000110001101001100100100101000000000100
000000000000000000000101101001010000000000000001000000001100000000000110000010000010100000000100000
000000000010000000000001010010010000000110110000000001000000101001001010000000010111001000001000000
000000000000000000000000010000100001010000000000000000000000000000000011010111100001001000110010100
000000000000011000000001010001000100000100000000110101000110001000000100101001000010000000010000010
000000000000001001000011000000000100000011100000010000000000010100100000011000001000100100010000000
000000000000000011001000000000111000000100000000000000000000010000001000000100000000000000100000000
000000000000010011000000000000000001111001101010000000000000101101010100001110100101000101000000010
000000000000000000001010000101001010000000100001000010100000001100000000000000100100100001000000000
000000000010000000000000100001010000000000000000000010000000100000000110000000010000000000000000000
000000000010000110000000110000010000000011100000100000000010010011000001010000000001000000100100110
000000000000000000000001000010000000000001100101011000010100000000000011001010010101000000000000010
000000000000100000001011000010101100010001000110000000011001000110000001000011000000000001001000100
000000000000000000000000000011100010000010011000010000000010000110000000001000000000001100101010000
000000000010000000100000000000001110100000000101100101100000000100000001000000000000100000000010000
000000000000100000010000000100000000010010000110001100000000010000000000000110101101000000000010100
000000000000000010101000000001010001001100000000000000100000001101010000000000001001001000000000010
000000000001110000100000101000000001110000000000000000000000000110010000010000011000100000010000100
000000000010001000000100000000100000000000100001010000001001000000001000100101000010100000000001000
000000000000101100010000001000001000010001000010101100001100000000100100010000000001001000000010000
000000000010100000010010001100010100100010010000000111000000110010100010100001100000000000010001000
000000000000100000000101000001001100000001010000100000000000000000000011010001000001000001100001000
000000000010000000000000110010000001100000011010010000010000100000010000100000000010010000100000000
000000000000000101100000100100000101100010000010000110000001000000000110000000000000010000101011100
000000000000001000100000000001000000000000101000000010000010100001001001000000000011100000000000010
000000000001010000100010001001000010110000000010000010000000011100000000110100001001000010000000000
000000000000000010000100000000000000000000000010000010010101000000000001000001011000011100000000000
000000000000100000100000000100000000100000000110000000101000000000100000000001010000000100010011000
000000000000001100100000101000000110001001000010100000000010001010010000100001101100100001000100000
000000000000011000010110000110000000000000101000110000100001001000000001100000001101100010000100000
000000000000010001011000010000010110000100000100001110100001000000001000001001101000010000000000000
000000000000011010000000001000001100101100100000011000000001000000010000001000010000010110100000000
000000000000000010000000010000110001001100001100000010110100100100000110000011010010001100001001000
000000000010000000110011000101011011000000000000000000011000010110000000110000010000000010000000000
000000000000000000010010000000000100010001010100011000000001110000101100100100000000010100000001000
000000000001000100010010000001000000000010010000010000000000000000000001011100100000000010000010000
000000000000010000000100000000000001001000000000000000101100000000100000000001000001000010000100000
000000000000000010000000100100000000000010000010001100100010110001000000010000001101000100010000010
000000000000001001100100001101010110000101000000000000000011000000000100101010010010000000001010000
000000000001110001000100010000110000100011011000000010000010000000101000000010000010000000100100010
000000000000011000000100010000000000010110000000000000101110010000000010001000001010000000010000000
000000000000100100000000000000000000000010100110011100001100100100000101010011000001000010101000010
000000000010100000001100001000000000000000000000000000001100101000000000000001000000000101000100000
000000000000000000111000000000100001101100000000010001000000000100000011000000000101000100100000000
000000000000011000000000000001000001100000000110100000001001000100100000100010010111000000001000000
000000000000001000010110010010000000100000001010001000110100000100010000110000100000001110000000000
000000000000000010000000000000000000000000000000000100001001010010000001011100100000100000100010000
000000000000010001001000011001000100010000000001011000001000000000010000000011100000001001101000000
000000000000011000000100000000000000010000011100000001100100001100010001000001101000001000000100000
000000000000000000000000101110100000110000010000000000000000010000000010110010011000000001010000000
000000000000000000000000011000000001000000100100010001001000000001101010000100000000100110000000000
000000000000000000000011000000001001000000010010010100000110001000110000000010110000010000000001010
000000000000000000001000000000000100001000110000000000000000010000001000001100100100100110000001000
000000000000001001000000000000000001000000100000000000000001000110101000000010000000100000000001110
000000000000010000000100100000000100110000000000000000000100110000000011001000100110110010011000010
000000000000000100000000000010001010011000011011000000100010000001000001000000000011000000000001000
000000000010001000001010100010000001110000000000001010101101011000100000000000000000000010000001010
000000000010000001100000000000010100001000000011000100000000000000000000000100100000000010000000010
000000000001010000000000010000000000001000100000000010010000001000100001000000000000000001000000000
000000000000000010000011000010000000110000101010100000000100000100000000000100010000000000000000110
000000000010000000100000011000000000000000000000000011010000001000000000000100110100010001000000000
000000000000100000000111100000010111010000000000100010011000000011100000000010001000000000010001000
000000000000000000000001000000100000000100000000000110110000010000000000101010101100000000001000100
000000000000110000000000101000010011001000010100001001001011010010000000000100000000000010000000000
000000000010000000000100000001000000100010000100010000010000001000000000001000000000000000000000000
000000000000001000000011001110000001000010000110000001000001000000000000101001000000011110000000100
000000000010000000001001110010100000000100100010001010010000000000010011001001000110001100010010010
000000000000000000100000000000000110100011101100010010000010000000000000001000000000010000100111000
000000000000000000010000000010000000000100010100010000001000110001001100001000100000010000010000000
000000000000000100100100000000000010000000000000001000100001010001000001001001000001000001000010000
000000000010000010101000100000100111001000010111000000100000100000000001010000100110010000000001100
000000000010001000000100001111000000000100110100000000100001000000000101100001000000000000001000000
000000000010100000001000011100001100001001000000100000000011100000110000000001000001000000111010000
000000000000100010000000000100001100100010010010001000010001101100000000000011010000000001011001110
000000000000000000000000000000000000000000000000000000000000000000000000000000000000000000000000000
0 0
98 98