99 99
000000000000000000000000000000000000000000000000000000000000000000000000000000000000000000000000000
000000000000000000000000000000000000000000000000000000000000000000000000000000000000000000000000000
000000000000000000000000000000000000000000000000000000000000000000000000000000000000000000000000000
000000000000000000000000000000000000000000000000000000000000000000000000000000000000000000000000000
000000000000000000000000000000000000000000000000000000000000000000000000000000000000000000000000000
000000000000000000000000000000000000000000000000000000000000000000000000000000000000000000000000000
000000000000000000000000000000000000000000000000000000000000000000000000000000000000000000000000000
000000000000000000000000000000000000000000000000000000000000000000000000000000000000000000000000000
000000000000000000000000000000000000000000000000000000000000000000000000000000000000000000000000000
000000000000000000000000000000000000000000000000000000000000000000000000000000000000000000000000000
000000000000100100001110000000001000000000001011011011010000100001000000000110110000100000010000010
000000000000001001000000000000100110110000000001010100011001000000000000000011000010000100000010000
000000000000111000000001000000110000000100000000000000100000000010011100000000000000000100000000000
000000000011010101000010000000001000010100010100100000000001000000010000001000010101000100011000010
000000000000000001110100100101001000000000001000010001000001000000001001010000100000000001100100010
000000000000000000100000101001101001001001000000101001000110000010100001000000001000000000000000000
000000000000000100000000000000010010000010001000000000111010010100000000000000110001000100100000000
000000000000000000001000000010000001000010001001000010100000101000000000000000000010000000110001000
000000000000000000000010001100001000100001000100001000010100000000000101000000000000001010000000000
000000000000000100001100010100100010000010000100000001000000110011101000000101000000000110111010000
000000000000000100101001010000010011110001000000000100000010010000010000000000001000010000000110000
000000000010001110000000000100000000010100000000000001000000001100101100000000100001000000000000000
000000000000100000000101011000010000000000000010010000100000000000101001001100000001000100000100000
000000000001100100000100110100010000000010000000110101000000010001000011000111100110011010001010100
000000000010111000000000000001010000000000010000010100100000000010000000100000010001011000110010000
000000000001000000100100000101000000000000000000000001001010101010100000100000000000000011000100000
000000000011000100000010000001100000001000100100010100000010000011001000100000000100100000100000000
000000000000010010000000011000010000011000101000000000100000000110000010000011001000100100010000000
000000000010011001000000000100000100000010000010010111000001000000000100000001101001001000010000000
000000000001000100000000000000010010100001110110000000000000000000100000000000010000100100001000010
000000000001001000000000111000100101011010000100000001101000000000000000000010010000000000000000000
000000000001000000000000010000010000101100000000000000010001001100000000100010011110000001001010010
000000000000001000000010100001010000000000000000000001000001100000000000010101000000000000000000000
000000000000000000010001010010010101000000001001000000000000001001000011100010000000010000000000000
000000000000000000000010000001000001000101000000000000000101000111000011000001100000000000000000100
000000000000000000001000011000010000010010000000000010110100010100000000000000110000101000000000110
000000000000000001010000100000000001001000100000000010000000000010000010000010000010000010000000000
000000000001001010000000001000000000000100000001000101001000010000101011000000000100011110000000000
000000000000000000000010100100101000000110000100000010000100000000110100000000000100100000000110000
000000000000000000001100000000100000000000011000011010100000010000001010000000001000000000001000010
000000000010000011000001000010001000101011000001100000000000101000001000000000000000011000000000000
000000000000000000100001000100010010010001010000000010111000000000010000001001001000001100000110000
000000000000000101001000110000000001000000110010000000000010000010100101101100010000000100000010000
000000000000000000101101000000000010000001001000110000100000000010010100000000000000000010000010100
000000000000000000100011010000000000100000000000001001000000100000001000001100100010110010000010100
000000000001001110000010010001000000000100001001000000010000000011000000000010000000010000010000000
000000000010001000001000110000001100010010001000000100001001011000000000100100000011010110011000100
000000000000100011000010000010000000001100000000000010000100101000000000000010011001000010000101100
000000000010000000000000000000010000010000100101100000001010110001000000001000001000000100000000000
000000000000100000001000101100000000001110101000110100010010000101100000100001100011100100010000000
000000000010001101000000010000101001011000001001001010000000000000000100010001000000010101000000000
000000000010100100000001100010000100000010000110000100001001001000010000010010000000000111000000010
000000000001001001000010000000000000000001101000001010000000010000001001100100000010000000000100000
000000000000000000000000000000000000001101010110010010111010100000100111001100000100000010001011000
000000000001010010001010001111000000000110000010100000000000000000000010000010010000000000000101100
000000000000000000000000001000110000000010000001000100110000100000000011000000000101001000010010110
000000000010001110000000000010000000000000110100110000000000010000000100001000000000010000001000100
000000000000000000000100110101011000010000000100000100000100111010010000000000000000001000010000010
000000000000000000000000001100000000100100000000001000011000010000000001100001000000000010000000000
000000000000010000000000000000000100001010000010000000111010010101010100101000000000000100100001000
000000000000000000000000100000000000101001000101001100010100010000001000001000000000010000100000000
000000000010010000010000000010010000001010010000001000000000000000010000000000000000000110010100000
000000000000000010000001000000100010010001101000000010100001100001100100000000010011110001100010100
000000000001001000000000010000000110000000000000100100100000000010110000000000100001010010001011000
000000000010100001100001011110000000001001011000000000001010000000000000000010000100000000000000100
000000000000000001001000010000001001000111000000100110101010010001000101000000100001000111000001000
000000000001000000000001010000001000000001101001000000100100100100100000001000000000000000101000000
000000000001101010010010000000010100001010011100001001001000000000000100101000001001000010011000100
000000000010000100000010000010000100000010000000110000001100000011110001010000000000000000011000010
000000000000000100000001000111000000000000001000000010010000000001000001010010000000001000010010000
000000000010000101010000011000000101001000100110000100001000001000001001010011110011100000100001100
000000000000100000010000100000000001010001000010000010010000000010000000001000000010000000000000100
000000000001001100000000000001000100001000001011000000000001000000000000001000000010000010000000000
000000000000010000000100100100000000000010000010000000001100000000100000010000000100000000000110000
000000000000000000010100010010110011000000100010010000101000000001000001010000000000000001000001000
000000000001010000010001001001000100001100110000000110000000000000010010010000001001000100010000010
000000000000100100100100100000000000000000101000000000010010000000000000000110000000000010000100010
000000000000000001100010000000000010000000000110000011000000100000000100010100000010000000110000000
000000000000000000001000000000000100000000000100000000000000100001010000000000000000000000000000100
000000000001010110000000100010000000010000000000000110000100010010001001010000000000000111000100000
000000000010000011001000000000101010000011010000001100100001000000110000010010000000101001000010000
000000000011001000000000110000000010000010001000001000100100000000010010010000000001001000011001100
000000000000100001000000000010000010000000100010000001000010010001001000000000001000001011001000010
000000000000001000101100010001100110001000000000100001000000100100000010000010010010000000000011010
000000000000000100000010100000100000000100010000100100000100001000000010101010000000000001110110000
000000000001001000100000010000000011011010100001010000001100000001011000100100110000000010100101000
000000000001000001110100000001000100010000000001000000000000000011000000010000000001000000000000110
000000000000100010000100011010000001010010001000000010000000000010000010000010000001101001001000000
000000000000010111000100000001011000000100001001000011010000000000000110110000010010010000000101000
000000000000001001000000100001100100000000000000000100010000000000000000000100000100000000000010100
000000000000000100000001101100000011000000000011010000101000001000010000100000100000001000101000100
000000000001100100000000000011000010100000000100000000000000000001001010001000010000000000011010010
000000000001110000000000000000010000000001100000010000010001010100100010000000010000100000101000000
000000000010100000000000000000000100000010010000000100000010000100100000100000000000000000001110000
000000000011000001000000000000001010000100000000100000001001000000000100000000000000011100101000000
000000000000001001000000000001001000001101111000001000000010000101000100110000001100000000001000010
000000000000001000110000111000100000000100011010101000000000010001000010110000110000010010001000000
000000000010010100000001100000000010000000000001100000111010000001000000000000000000001000001000000
000000000000000000000000000000000000000000000000000000000000000000000000000000000000000000000000000
0 0
98 98