99 99
000000000000000000000000000000000000000000000000000000000000000000000000000000000000000000000000000
000000000000000000000000000000000000000000000000000000000000000000000000000000000000000000000000000
000000000000000000000000000000000000000000000000000000000000000000000000000000000000000000000000000
000000000000000000000000000000000000000000000000000000000000000000000000000000000000000000000000000
000000000000000000000000000000000000000000000000000000000000000000000000000000000000000000000000000
000000000000000000000000000000000000000000000000000000000000000000000000000000000000000000000000000
000000000000000000000000000000000000000000000000000000000000000000000000000000000000000000000000000
000000000000000000000000000000000000000000000000000000000000000000000000000000000000000000000000000
000000000000000000000000000000000000000000000000000000000000000000000000000000000000000000000000000
000000000000000000000000000000000000000000000000000000000000000000000000000000000000000000000000000
000000000001000100000001010101000101100000010010010000100000000000000001000010000000000001111010010
000000000010010001101010001000000011101000000010010001000010000100011010001000100100000101100000000
000000000000011100001100000000000010000010010101000100000010010000000000000010000000000000010001010
000000000000000010000001110010100100100000100000000010000000000001000101100010111010000100000000000
000000000000000001001101110000001000000000000001100100000000000001101010011010100010000011010001000
000000000000110000000010000000011001000010110011101100010010001100101110011000000000010010011001010
000000000000000000000000000101110110000010010000001000010000000100000011000000000010010001000010000
000000000000010000010011000000000000100010010100000000000100000100100100001000000000000001000000100
000000000000000000000000100010010000000010000000101100001010110010000100000000100000000001010000000
000000000000000000000000011001000000001000010100000000000011000000000000000110100000010011000110000
000000000010001001000000000000000000010000100000000000000110000100000100000000000000000000000010000
000000000000000010001010001100000100001010100000000000001100010100010000100001000001000001000000010
000000000000001111101000000101000000000000000000000000100001110000001001000000000000000010010000010
000000000000000100000010001000101001001100000000000010010111000001000000000001101010100000100010000
000000000000000000010000000000000000000001000100001100000100000000000000101000000100010000010000000
000000000010000001001010001100000101000011000000001100100000001000010000010011000000000001000000000
000000000000010110100111000001000010000000000000000000010100000110000100000010010001001000000000000
000000000001100110000001100100000011001001001000000010001011001010000001000000000000001010000000000
000000000001000100001000001000000000000000000010000000100001010010000000100001100010000001001010000
000000000010001000000000000000000000000010011010100000000000100111000110000000000100000100000000100
000000000000010011110101000011110000000101000100000001010000000000101001000000000000000001001001000
000000000000000000000001000000000000000111000010000000000011000000001001000000100010000001000000000
000000000000001000000000100000000000010000001110000000000000000110000010100010000000001001000001000
000000000000000100000000010110000000100000000001000000000000000000000000000100000000011110011101100
000000000001000010000000000000000011100000000001000001000010000010100010000100000000000010100001000
000000000000000011000000001001000001000100000001001001000000010000011000000000000100000110010000000
000000000001000000010010000000000010011010000000000000000000001000000000000000000000000000000001000
000000000000010000100000010000100001010010000000010000000001100010100000000100101000000000001000100
000000000000000000000000010001000010000001001111001100001010001000001010001001000000000000100100000
000000000000000000000010000000100100000000100100101000000000000011000100110000010011100001000000100
000000000000100000000010010100011011000000000000000010010000010000000001101000000000000000011010000
000000000000000000000011000110010000100000010010010010010000010100000111000001000100100001000000000
000000000000011001000000110000000010000100110000100000000000100000010000101010000000100000000010110
000000000001000000000000010000100110010001000000100001000110000000010000000001000001000000001000100
000000000000010011000100111000001000100000001000101001000000000000101101000001000100101010100000000
000000000001000101001001001100001000000000000000000000100100000010000010000010100110000011000011000
000000000010000010101000000000000000000000000000000000000000000010010000010000000000010010100000010
000000000000000101000000000000000000010000000001010000100000000000000000000000000000110000000010000
000000000000000010000100100000111000000110100010000100010100001000010010000000000000001011001001000
000000000000010011000000010000000000000000000100000100100010000101000000000000110010000000111000000
000000000010001000000000000100100000001000000000000000000000000100001001000000000000000001000000000
000000000000000100000010000000100000100100000000000001100000000110000110010000101000000000010111000
000000000000000010000010001000000100000001000011010010000011010001000111101000000100000000010011000
000000000000000000000010000010000000000000000000000000010000001100000000000010001000000000001000010
000000000000001000011010000010000000000011010111100000000000000000101000010000000000000010100101000
000000000000001000010001100000000000111001000111010010000010100000010000100001000000000000100000000
000000000010010010001000100000100001000000000000010111000010000101010000100010100100100000010000000
000000000000011010000000000001100001001100000010010100010000000000110000100100000001000000010001000
000000000010100100001000001000001011010000000000000100000001001000000010000000000010000000001000100
000000000000000000000000100010000000000111010001010100000101000010000000000000000000000010101001000
000000000000000101110000000000000000000010010010010000000000000000000010010000001000001000101010100
000000000000001001100000000100010101100000010000100100000000100010010100101010000000000000000000000
000000000001001000111000100000000010000001000100101000000000001100000000000100000000100000000101000
000000000010101011000000000000100000001001001000000000000100001000010000000100011001100100000001010
000000000000100001000100010100001000000000000000110011010001000001000000000101011000000000000100000
000000000000000000111010000001101100000000101000000010000000000111000000000011000000101001001010000
000000000000000000000100000000000001001000000100001000000100110001100000100010010100000000000010010
000000000000000001010001000000100000100010100011000110000000000110000000000000000000000100000000000
000000000000010000000000010000000100000001000000100001000000000000001010000010000000000000001010000
000000000010000100100000001110101100000000000000101000000001010010001000010000101000000000101100000
000000000001010100100000000010000000000101000010100000000000000001100000100010000101000000000000100
000000000001010000000100111011100011000000100110010000100000000100000100000110101010000000000000000
000000000001001000000010100000000000010000000100101101000000000000000000001100010010010110100011100
000000000001000000000000000101000000000000001100000000000000001000000010001000100001000010000100100
000000000000000000001101000010000000000100110000011000000010001000000000000100101000000000010010100
000000000001000000000001000010000000000000100000010000000010100010000000000001000100000010000000100
000000000001010000010100000101000000000000011000001000000100010001010001010000000000011010000001010
000000000000000000000001000000000010000100000000000000000000001000100100000011000101000000001010100
000000000000000000000000010000010001000110000000001100001110000000000100001010011000010100000000010
000000000000000010000000000100010000001000000100001000000000000010011000000000000001010100010000000
000000000000000010010110000010000000000011010100000100001010011001000000001000000010000000100111000
000000000000000001000000000001010000000010000000000100000001000000000010100000110000000000001000110
000000000000010100001000001010000000010000001000000010001001000100000000100001001000100000000000010
000000000001110000000000111000000000011000000110000000000000000001011000000000000000010001000000000
000000000000000000001011000000001001100100000000100000010100100001000010000000001000101000000000000
000000000000100000000000000000100000001000000000100010000101100101010000110010001000010010110000100
000000000000101100010000100100101000100000100001000001001010001000000000001100111000110110010000010
000000000010000001000000001000000100001001000000010001000000000001000000100010000000110000000001000
000000000000100000000001000000000000100010000000100001010000101100000000001000000001100001000000000
000000000000000000000000000011100000101110000000000000000100100000100000011000001000001100110000000
000000000000010000000000000000101011000001011100001010010000110000000000100000001100000000000000000
000000000001000000000000000010000000010110000010000000000000000000000000010001100000110000000011100
000000000000000000000000000100000000001100000000100000000100001000100001000000000000000000000100010
000000000000000010010100010000100000000000011001010000010000000001000001101010001100011001000001000
000000000010000000000010010001100100001100010001000000000001111000100000010000000000000000000100100
000000000010000000100000000001000010000010000000000010010000000000000000100001000000100111001000000
000000000000110100010001010001000111000000010000010000000000000000100000100100000000000010010010100
000000000000000000010000010000000001001001000000000100100010110000000010001000100000000000010100100
000000000000000000000000000000000000000000000000000000000000000000000000000000000000000000000000000
0 0
98 98