99 99
000000000000000000000000000000000000000000000000000000000000000000000000000000000000000000000000000
000000000000000000000000000000000000000000000000000000000000000000000000000000000000000000000000000
000000000000000000000000000000000000000000000000000000000000000000000000000000000000000000000000000
000000000000000000000000000000000000000000000000000000000000000000000000000000000000000000000000000
000000000000000000000000000000000000000000000000000000000000000000000000000000000000000000000000000
000000000000000000000000000000000000000000000000000000000000000000000000000000000000000000000000000
000000000000000000000000000000000000000000000000000000000000000000000000000000000000000000000000000
000000000000000000000000000000000000000000000000000000000000000000000000000000000000000000000000000
000000000000000000000000000000000000000000000000000000000000000000000000000000000000000000000000000
000000000000000000000000000000000000000000000000000000000000000000000000000000000000000000000000000
000000000000000000000001000000000100001000010000000100100000000001000010000000011100001100010000000
000000000000000010001001000100010000000001010000001001001000000001100010001110010000000101000010110
000000000000000100000101000000000010000000000000111010010000100000001000000000000010000110100000000
000000000000010100010001010000000000000101011000001000000010000000000010100000000001000010000000000
000000000000100100000000000001010100001100001001010000101010000010000000000110010001010000001000000
000000000000001000010000010101010001110100000100001001010111110000100000100000000000000000111100100
000000000000000101000000100000000000000000000000001001000000000000000000010000000010011000000000000
000000000000000101000000000000011100000010100001100000011000000001001100001000001010000000000000000
000000000000000000010000001010001000001001000100100000010001000000100001000001010010000000110000000
000000000001000000011000010000000001000100000100001000000000000000000001011011000100100100000000000
000000000010011000000000000000000001000000000010000000010000110000101000000000001010000000001000000
000000000001000100000000000001000000100000100001100001001000000000000000000010010001000001000010100
000000000000100100000100100000001000000010001010000010000100000001010000000000000000000100000001000
000000000000100000000000100001000100000000000010100000000001001000100001000000000001110110101001100
000000000000100000000001100000010100111100000001000000100000001000000000001100000100000100100000000
000000000000001010001000001000000010100000010000010100001101100100010101010101000000100000001100100
000000000001000000001001100001001010000101000010101001000000100100000110000001001000001001000011000
000000000000110001101010110000001000001100000000100000100001000000100000000000001001000011000000000
000000000000000010000000001000110000011000100000000011000100001000000001100011000000000100001000000
000000000000001010000000000000000001000000001110110001010000001000001000010110000101000000000000100
000000000000000010010010000001100000001000100000010001100010000000000110110000010110001100100100100
000000000011101000101000000010101000101000100010010000000000000101100000000011100001100000100000000
000000000000100000000000011010110000010000000000101100000100100001000100100100010000000000000010010
000000000000010000001110011000100101010001000111010011000000000000100000000001010001110000100000100
000000000011010100101100000010000101000000010100000001000000001000100010001011000000000100011100100
000000000000000000100000000011000000000010010000000010000000000100000100001110010000100000001000000
000000000010000000001100000010000010010000000110010100001110000001000100000001001010101000000010010
000000000001000001000000000100000011000001100001000010000010110100001100100000100000000000000000000
000000000000010011000000000000000111010000000000000010101001110001000000000000000001100000000000000
000000000000000000001000000010100000000011001001000000000000010011100101010100000001100000000000100
000000000000010000001001000100001000100110001001010000001000000000100000100110010100011100000000010
000000000000000001000000000010001011000010001000011010000001101000000000010000001110000100000011000
000000000000000001001011000000000000101000000000000100010000100010100000000110010011011010000000000
000000000000100100000001001100000010000000000000001000000000000100010001010000000000001010111010000
000000000000100001100100001010000000000001001000000001010000001000000110001000100000000000000010000
000000000000000000000110011000001000101111000101001001000001100000000010000100000000010000001000000
000000000011000101000001001000110000000000000000110000011000100100000000000000100000100000001001000
000000000001000010000100000001100010000100100000000000010010000000010000001100001000000000000010000
000000000000001001000010010000010001000001000101000000000000000000010011010000000011000100000010000
000000000000001000000001000000001000010000000000000000000110001000000000001000011000000010110001100
000000000001000110000010001001101010101000000001000110100000100001000000101000000000000000001100100
000000000010000100010000000000000000000001000000001000000001000000000000000110000000101000001000000
000000000010000000000110011000010000100001110100011001000100000010000011100000010001001001010011000
000000000000001000001000000000100000000010010101110010000000000010000100010000001111011101000010000
000000000000000000000100100000001000000100000000100100000000100001010100001001110001000000010000000
000000000010000100000000000000100000000000010000000000011000010010000010101110100000000010000001010
000000000000100000000000010101000000100000000000000000011000000001000000001001001011000011100000010
000000000000001000000000000010101100000000101001010000000000100010010010011000000100001000001000010
000000000010100000100000000010000000100001000100000000000100000000001011010000000100000000010100100
000000000000110110000001000111000000011000010001010000100011001001101000000001001000000000010000100
000000000000100100000000000001000100100100001000000000010000001001000000000000010001000000000100100
000000000000000000100000010101000010000000100000000011101010011001000000000110001000000000010000000
000000000000000000000000000000000000001001110000010001000000000000000000110000000000011000100000100
000000000000000000011000110010010010000000000000001100000000000110000010001000000001010101000100100
000000000010001000100010100000000000000000010010000011010000100000000000001110000000101100011001000
000000000000000100011000000000000100010110000000000000010100000010000010000010011100001000000010000
000000000010000110000100000000000110000000010010000100000100000100000000000000000001000001010000000
000000000000000101000001110000100101000111100000000100000000000010100000000100001000000100000000010
000000000000000001010100001001010010001010001000001100100000000000100001001000100100000001100000000
000000000000001000101000001000100100101000100000001000001000000010001001001000001001100010000001000
000000000000001010000100100100000000100100000000100010000010000010010010000000000000100000000000000
000000000000101000000000000000001110100000101001100100001000000011000000010001000000010000000000000
000000000000101010000100000001000001001000001011000000000000000111000001000001000100000100100001000
000000000000000100001000000010000000001000000000010100000000000000000110000010010000001000010100000
000000000010000010100000000000100010000000000000000000000000101001000010000010010000001000000100000
000000000000110000110001000000100000000000000100000010101000000100000000001100001010010000000010010
000000000000000000000001001000001110100000100000101001100010000000000000010100000010101100001000000
000000000000000001001010000010010010010000001000001000000000000000000010000000100000000000000000010
000000000001010000100000000100000000000000000000000000100011100000000000000000000001000110100000000
000000000000000101000000001000000100001000000000000010000000000000010000101100000010000000010101000
000000000010001001000011000000000010100010100010011000000000000000000000000010000010001000000000000
000000000001001010110000000010001100000101000010000000000100000010000000000000001000010000001000100
000000000000000000000000100000000000000100010000111000000010000000000000010000001000100000000000000
000000000000111000000000000000000001000010000000000000000001000000000000000000000010011010001000010
000000000000000000000100000000010111000000100000000110000010000110000100000001000100000000100100000
000000000000000001001000000010000100000000000000001011000001101000000000001010000001000000000001000
000000000000011000101100001000000001000000100001100011100101000000010000111000001100100100010100000
000000000000000010110010000010000100010000000000000100000000100110000000110000000000010000001011000
000000000000000000000100010100100111000000110110011010100000010100000110000101110000101010000010010
000000000001000001001000000000010000010000000000000010001011010000100000001110100001000110000001000
000000000000000001100100000000110000000011100000000001110001101000001001000000010000110000010110000
000000000001000100000001000010101100000010000000000000000000000111100001100000011010001010100100000
000000000010000001000010000010000000000000010001001000100010000000000000000000100000100000000000000
000000000001010001000001000101010000000000001000001000001001100100000000010101010001000000000001000
000000000001001000011000000100100000001000000101011101000000010000000000000100001000000000100000100
000000000000000010010000000100011000001101010000000100000111100000010000010000000000010000000010010
000000000000100011000000110001010000000001100000011000000000010001000100010001000100101000000000100
000000000010100011000100000000010000000110000110000000100001000001010001001101011000110010000010010
000000000000000000000000000000000000000000000000000000000000000000000000000000000000000000000000000
0 0
98 98