99 99
000000000000000000000000000000000000000000000000000000000000000000000000000000000000000000000000000
000000000000000000000000000000000000000000000000000000000000000000000000000000000000000000000000000
000000000000000000000000000000000000000000000000000000000000000000000000000000000000000000000000000
000000000000000000000000000000000000000000000000000000000000000000000000000000000000000000000000000
000000000000000000000000000000000000000000000000000000000000000000000000000000000000000000000000000
000000000000000000000000000000000000000000000000000000000000000000000000000000000000000000000000000
000000000000000000000000000000000000000000000000000000000000000000000000000000000000000000000000000
000000000000000000000000000000000000000000000000000000000000000000000000000000000000000000000000000
000000000000000000000000000000000000000000000000000000000000000000000000000000000000000000000000000
000000000000000000000000000000000000000000000000000000000000000000000000000000000000000000000000000
000000000000000101000010000000000000000010000011101010000000011001000000100110010101000000000001000
000000000001000000010100000001000000000000000000001100000001100000000000001000000000010100000000000
000000000000001000010000100011001100000000001000000000100011000000000000101001100000000000010000010
000000000000000000100000000001101001000010001001000001000101000000001100000000010000110000010011100
000000000001110000001100000010010101000100000000000010000010000101000000000000000000100001101001000
000000000000100001000000000000010000001111000110001000000000000001000000000000001000000000111101000
000000000010000001000000111010000000000100001010000110000001000000000010101010001000100100100100000
000000000001000110000000100100000100000001000110000010100000010000000000000000100100001000100110000
000000000000000000001000001000000010010000000000001010011001001100000000000000010001011100000000010
000000000010000101000000010000100101100000000000100010000010000000000101010010000010010000011001000
000000000000000010000010001001010000110000001010000100010000100000000000000011100010011001000000110
000000000000000001000000000011000000000000000000000000000000000001000010101000010000100000000000000
000000000001000010000000000001101100100000110001000010010000010001010001000110001010000101000001000
000000000001000000010001100000000000000010010100000000100001000001100000010000001001011000010000000
000000000000010000000000100011000000000100000100001000110000000000000000101100000001010000000100000
000000000000000000000010111011010010001100000000000000110000000011000000000001010000001001000000100
000000000010010000000000101000000100000001001100000001001000000000000110000010001000010000000000010
000000000000010000000000110100000100100010110001000001010000000000000001000001000010100000101000000
000000000000100100010000000001100101000000000111010010000000000100010010110000000000000000001000000
000000000000000010001010000100001000100001101000011100000000010010100000000100100010000000001010000
000000000000000001100110000001101110000001001001001010000000010000000100000010001011000001000000000
000000000000000000000000100000100000000000001001000000000001001000000000100100001000000100100101000
000000000010000000101000000001000000010000000001100110010101000101000000110000100000001100100100000
000000000000000000000000010000010000001010000010010000000000000010000000000000011011000010001000000
000000000000100000000000001000000001000000001000000010000001010000000101000001000000100100000001000
000000000001100000001011000000100000000000000000000000001100011010000001100111100000010000001000010
000000000000000001000000000000001001000000000000100010010001000011101100000000001000001100001101000
000000000000011110000001101000000010100000000000010000000001010011000000010000010010000000000000000
000000000000000000100000011000010001000000100010000100000110000000001100000000000000001000100110000
000000000000000000101000000010100001010000000000100100001010000100000000000001010000000100010000110
000000000000000000000000000000000000001000100001000100100000010001000110000000001100010000010100000
000000000000101101000010000110001000010000010001000001001010000000011110010000000100010000100010010
000000000010001100100001001000110101111010000101000000001000101001000000000000000110001000010100000
000000000001100000001100000000001000000000101000000000010010000110000000010000001010000001000000000
000000000000000010000010000000010001000101100000000000001010001000001000000001000010000010000001000
000000000010000001010101000000100000000100000100010000000010001100010001010000000000001101000000000
000000000001000000010000100000001000000000111000010000000110000101110010000010000000000000000000000
000000000000010000001000001000100000000100001100000000000100001000000100000100000010001000100001000
000000000000000000000000010001011100000000000000000000001000000000011000011100000010100000010000010
000000000000100000100000001001000000101000000000100010000001001100000010000000000000010000001000000
000000000010100010000010000000100011011000100000000010001000000000110101000110000001000000001000000
000000000000000000000000000000010001000000011000000100000010010000001000000100000010000001011011000
000000000010000000001100010011100100000000100000000000000000000000000010000000000000000000010000100
000000000000000100000100010101000000000010000001001000010011100000100010000100001001000010000010000
000000000010000000010000011000000100100000000000001001000000000000001001000100010001100010010001010
000000000000000110011110000100001010000110000000000101100000010000001011010000000000010001000000110
000000000000000100000000000100011000000000000001000000000100001100001000000001010000000001100000000
000000000001000000001001000001100100000110001001100000001010001000000000000000001010000011000001010
000000000010010001010000011000000000110000000000000000000010000000000110001011100100000001100000100
000000000000001010000001010000010100000000100100101001000100100000010100000100000000000001000010000
000000000000000010011000010000010010000001000001100101000000000000000000000011101000001101000000000
000000000001000100000000101001000100100000110000010010010010001011000001000010000010000010000100000
000000000000010100001000010001100000000001001011000001000000011000000100010100000000001100000011010
000000000000100000000000010000000011000001000001000001100001000000100010001101000000000100000000000
000000000001000001000000010100110110010000000010100100000000000011101010000101000001000000000000010
000000000000000000000001110000100000000000000110011010000011100000010010101000100000000000000000010
000000000000000011000000000000000000000000000001100010001000100100000010000000010100100001000000000
000000000000011000001000100100000000001000001000100011000100001000101010000000000000010100010000000
000000000000000011000000100100000110000000000000101100000000001110000000001010011111010011001010000
000000000010000001000010000000000100000100001010010000000000000010100011100000010001000111010100010
000000000000000110011100000000000000000000001000001110000010010001010100110000010000011010100000100
000000000010010000010100000000000000100000001000001000000000000000001001000101011000100000001000000
000000000001101000000000000000100101010010000010100001000000000100011100000001101100010000100000000
000000000001000110000100000101000000000001010000111001001000101000000000000000001000000000000000000
000000000000001100000110010001010000010001000001001001000011000010100000100000000001100001100010000
000000000000000000001000000001000100110001000010000010000010000000000000100000000000000000000000100
000000000000000000000101001000000000000010100011010000000000000000001000011000001000100100010100000
000000000011001000000000100000010000101000000000000010010000000110000110000100011000010000010001010
000000000000000000000100000010000110100110010000011001000110100111000101011001000010000100000100000
000000000010000010100000010010010000010101100001111010000101100001000000010001100011100010000010000
000000000000000001000001010000000010100000011000000011000000000001010101010001010010001010100000000
000000000000000000100000111000100100101100100100001000001100000101000100011000000001000010000000110
000000000000001101000101000000000000000100000001001010101100001000100100011000100001000100001001000
000000000000000110000000000011000010000010000000000000000100000100000000001010000000001100100110000
000000000001100000000000010000000100000000000001010010001011100101000000000000000011000000000000000
000000000011000000100000000000011001000000000010100001000010000000010000110000000000000111001000100
000000000000000110110001100000100000010100001100001000000110000000011000000101000000000000010000010
000000000001010110000000000010000111000000000001000010000010000001000100010100000000001100100000000
000000000000000010010000000001000010000100100000011010010110000000000001001000000000100111000000010
000000000000010010010000100000100000000100010000010110000010010000001000000000000000000000010000010
000000000001001100100001000000110010000101100000011010000000000000010010000000101000000101100000100
000000000000001000011010111000000001000000000000010101011100000000000000000000000001000000000000010
000000000000010100001000101000000010000100000000001000010000101100100001000010010000100000000000000
000000000000100000000000100100000000000000000000110000000010000110000000000100000000101000000010000
000000000000000110000000000111100001000000000100000000000011000001000010110000000000101010000000000
000000000000000000001100011010001000010000000110100100001001000000110000011000000000010001000001000
000000000000100010000000001010000001010000001000000000001100100100000000010000010000000001100000000
000000000001001000000000000000001010001000000000010011000000000000000010000010000000000011011100000
000000000000000000000000000000000000000000000000000000000000000000000000000000000000000000000000000
0 0
98 98