99 99
000000000000000000000000000000000000000000000000000000000000000000000000000000000000000000000000000
000000000000000000000000000000000000000000000000000000000000000000000000000000000000000000000000000
000000000000000000000000000000000000000000000000000000000000000000000000000000000000000000000000000
000000000000000000000000000000000000000000000000000000000000000000000000000000000000000000000000000
000000000000000000000000000000000000000000000000000000000000000000000000000000000000000000000000000
000000000000000000000000000000000000000000000000000000000000000000000000000000000000000000000000000
000000000000000000000000000000000000000000000000000000000000000000000000000000000000000000000000000
000000000000000000000000000000000000000000000000000000000000000000000000000000000000000000000000000
000000000000000000000000000000000000000000000000000000000000000000000000000000000000000000000000000
000000000000000000000000000000000000000000000000000000000000000000000000000000000000000000000000000
000000000000101000000010000000100000100000000000000000100000000100000000000000000101100000010000000
000000000000000000000010100000100100011000101000100000010000000000010000100001100000000000000000000
000000000010000101011011100000000000000000101000000100000001111000000000000000000011000100011000000
000000000000000000110000011000010001010001000010001000000000110010001010000001000010000000001000000
000000000000000000100100000000010001101000000000110001001001000000010000010000010000100000100000000
000000000000000001000010001000100000010100000000000001100000010000000000110000100001100000000000000
000000000000000000001000100000001010101000000101000100001010010101001000001000000000101100000100000
000000000000101000100100000011000001000000000010000110000000000001001010001000100000000010000000000
000000000000010000010101000101000000110000000000000100000101001000000000100010110000000000010101100
000000000000100001000000010110001010110000010100001000010000010001010110000000000000000000010000110
000000000000011100000000000000101000000000000011000000100000000010000000000000000000100000101000100
000000000000010000011000000010010000001001100100001000100000010010101000101000000000110000100000000
000000000000000000100010000110000100000101010001001000100000000101001000011011010001001001100000000
000000000000000010001011101000100100010100001001000000011100100101100010000001000111010000010100000
000000000000100000010010100010000001000000100000000100010000010000000011010000100000000000000000010
000000000000000000000000011100010100000001000000100000000100100010000000000010100000000100101000000
000000000000001000001100000000000001001000100000011001000100010000001001000000100100000000000101100
000000000001000000000000000101000100000000011000100010001000000111001010001001000010000001000000010
000000000001001001001000000011000010100000010101100100000000000000100011101001010000001100010100000
000000000000001000000001100000001000000000010000010100010000000000000000000000000100000000001010010
000000000011000000000100001000000000000000000000000000110000000000111000000110010000000001000100000
000000000010001000010000001000000011000000000000000000101011100000000001010011000010010010100000000
000000000000000000001000000000000000000000100000000001100000010001011000000000011000011100000010000
000000000010010100000000100100000010000100000100001000000000100100100000001100010000000000100110000
000000000000000001000011100000000000000000000010000010101010100000010001001000000010000000000000000
000000000001000000000001010100000000110000000000000000000000001010000000010001000000000000000000010
000000000010000000010001001000000000110000010000001000001000100001011000000000000000000000001000000
000000000000000000000000000010000001001000000000010000000001001100000000000000000010000001000000000
000000000000000101010000000000010011100000000000100000000100001000010001000000000000000001000001000
000000000000011101000000000000000011010000000010000000000010111001001000010000000100010110001110000
000000000000000000010101101000000010000101000000000000000001010100000000010100010001000100000010000
000000000000000110010100000000010010000000110000000000000100000100100000000000000010101000000000010
000000000000101010101010001001000000100000100000000000000000000010110000010000000001000000000000000
000000000000001100001000000010000110000000010010000010000001000000000000100000000000000001000010010
000000000000001000010001000000000000000000000000000000000000101000010000000001000001000000010000000
000000000000000000000001010000000000010000010010000000000100000000100000000100001000000011000000100
000000000010101000010100000000000001000000000000000000001010010000001100100011100001000100001000000
000000000000000001011100110000011000000000000101000000001000000001000011001000000000100000000010000
000000000001000000000001010001010000000011000100000000000001000000010000000000001100100101000000000
000000000000000010000000110000000000000001000000000000000011000000010000100100000000100010000100100
000000000000000000001100001100000001100000000000000001010100000000001001000000000011100000010000100
000000000000101001000100000000000000001101000000000010000110010010000001100001000000001011001000010
000000000001010000000000000000000000010000000000000110000000000001100000000000001010000100000000000
000000000000000001000000000001000001101000000001000101000000001000000100000100001000000000000000000
000000000000000100100000001000000000000100000001000000000010000000000111100000010001000000010000000
000000000000010010000100110001000000001100100010100001010000000010000000001100010100000000000000000
000000000011100101000101100000100001001000000000000010000000110010101001000000101000101100000101000
000000000000000000010000000101000000001000000100100000010000000000001000010000000000000010000000010
000000000000110000000010000110100011000001011000000000010000000100000000100100000100110001011001100
000000000000001000001000001100010000001100010001000010000111100000000000001000100001010100000010000
000000000000000001011000100010001000000000000110100000100010000000100100000000000000000101000000100
000000000000000000010010000010110000011100000001000000010000110001100000000000010100001000010101000
000000000010110000000101101000000000100010110000000000000100110100100000001010010100000001000000000
000000000010000001000010000100100000000000010000001000000100000000010001000000010000000100100000100
000000000001100000000000001000000010000010110010100010100000000100000000001000001000010000000000000
000000000000000000000011000010000000110010000001100001001000000000000000000100010000100001110100000
000000000000100000101000010100011000000010000000100000000000101000000000000000000100010000110100000
000000000000000010000000000000100000010000100000000000000000000000000001010000100101000000010000000
000000000000001010011000000000000001000111000100000011001000000001010000000100010000000000000100000
000000000001000110000000000000010000010001000010101000100000010010100000000010000000000011000000000
000000000000000000010000010000000000010000000010001011000000000000010100001000000000000000000100110
000000000000110010001010000000000000001011000000001000001100000000000010000010100001011000100100100
000000000000100100000000010010001000111000000100000000100000000001000000000001000000001000000100100
000000000000001001000000010100000100000000100010001000011010001000000000001000010001010000000000100
000000000000011000100000001000101100100000010001000000001000000000000101100001000010000000101001100
000000000000000001000010010001000000000000100000100000000000001001001000000000011001010000000110010
000000000010000000000000010110001000101000100001010000000011010100000000010101000010010000000100000
000000000010000000100101000000001000000000000000010000000001110111000000100100001010000000000000000
000000000000000000011100000001000000000001000010000100000000000001000100010000101011000010001100100
000000000001000100000100001000000010011001100010100000000010001010000001000001000110000001000110000
000000000000010100100100011001000100000101000100000000010000000010100111100001001001100100000010100
000000000001000000001000001000000010001000000101000101000000000000000000010000000010000000000000100
000000000000100000010010000100100000110000010100110000000000000000000001001000101000010011000000000
000000000000000000000100001000000000010001000010001000000000000010000110010000100000101010000100000
000000000000000000010110000010011100000000110001000100010000000010000000000100010001000000100101100
000000000001101010001011001000001000000100000000011101000000000100001000101100000000000100101000100
000000000000000100000010000000010000000010000010000100010000010110110100100100000100000100101000000
000000000010000000111000100000001010001100001000111000000011010010000101001000001101100010000000000
000000000000010000110100110010000000100010000000001010010100100000010010000000000000001000000101000
000000000000000000000001010110000001010000000110001000000000000000000000101100000000110100000000000
000000000001110000011000000000000000001100001111000000001000100110000010100010000000100000000001100
000000000001001001000010000000010000000001000000100000010000001000000000000000100011000000010000000
000000000010000000000010010011001010000000010000000000000000000011101011001010000001110000001000000
000000000000100000000100000001000100010000100000000000000000000100100000010000000000001100011100000
000000000010010000000000100111000000000100100111010000010000000100000000001100000000000000001001000
000000000001000010000000000110000001000000000000000000000000000000101111000000000000110001000100000
000000000000001001011000100001010001000000000010000000000000001000000100001010010001000000000000100
000000000000000110010010000010011000010000000101000001000101001001000001000010111100000010000000000
000000000000000000000000000000000000000000000000000000000000000000000000000000000000000000000000000
0 0
98 98