99 99
000000000000000000000000000000000000000000000000000000000000000000000000000000000000000000000000000
000000000000000000000000000000000000000000000000000000000000000000000000000000000000000000000000000
000000000000000000000000000000000000000000000000000000000000000000000000000000000000000000000000000
000000000000000000000000000000000000000000000000000000000000000000000000000000000000000000000000000
000000000000000000000000000000000000000000000000000000000000000000000000000000000000000000000000000
000000000000000000000000000000000000000000000000000000000000000000000000000000000000000000000000000
000000000000000000000000000000000000000000000000000000000000000000000000000000000000000000000000000
000000000000000000000000000000000000000000000000000000000000000000000000000000000000000000000000000
000000000000000000000000000000000000000000000000000000000000000000000000000000000000000000000000000
000000000000000000000000000000000000000000000000000000000000000000000000000000000000000000000000000
000000000000001011010000000001000000001000000110000000011010111001000000101000100100001001000000010
000000000000100010000000100010001000010000000000000100010100000000000000010000001000010000100000010
000000000010000111001001100000000010101000000001100000000010010000000010001000000100000000010000000
000000000000100000000010000100000000000000010000000100000010000010100010000010000101010010000000000
000000000011000010000000010111000011100000000000000001000000001101000000000000001000100000110011000
000000000000000011010001010000000000001000100001000000000000001000000001000001010110000000000000000
000000000000000000100101010000100010100000000000111000000001000100010000000000000000000010000000110
000000000010001000000000000011100100000000000000100010010010000000000000000100010000001000000000100
000000000001101000000000000000101000000001000000000000000100000000100101001100000000110000100010000
000000000000001001000000000000010011000110000000110010100000000010000000000001000000000101010000000
000000000000000000000010000000000000000000000000000100101000000100001000000100011110000100000110000
000000000000101110000011100100101011010001000100000000010010000010000000011000000100000000110000010
000000000001010001001001000000001100100010000001010000000000000001000000010010000000000000000000010
000000000000000000110000000010000101010000000001000001001000000010000000010010000000000001000000100
000000000000010000000100000000000000100000110000000001000000000000000000000001000110100001000101100
000000000001100001010110000000000000000101000010000000001001000101000000011000010000000000000100000
000000000000000000010001000000001001000000000000100100011010010000001100000000000101000100001001100
000000000000000000000000100000000110000110010000000000011000000100000000100011100000001101000001000
000000000000100000010000000000001000000000001010010011000000000000100000000100011010000010001000000
000000000001000000010100000100100100100001000000101001010000000001000001000000000000010100010001100
000000000001000000000001000010000100000000011001000010000000000000011100000001000100001010010000000
000000000000100000010010000010000011000000010000000000000001010000000000000100100000000010000000000
000000000000001000000000001000000011000000000000010000001000000100001000000000000000101100000010000
000000000000010000000011110000100000000000001000001000000000001110000100110000101001000010100001010
000000000001000000000000001000000100010101100000001000000000100001000000000110100000000001010000000
000000000001000000001000000100000000000100100000000010001000100010100000000010000000000000000000000
000000000000000000001010000000000010011000000010001100100000000100000000000000100000100011000001110
000000000000000000000000001000000000010100000000001010000100000000000000000001001100110110000000000
000000000001000000000101000100100000100000000000100110000110000001000000000000010100001010000000000
000000000011101000011000100001000000100000000010001001000001001010000000010000010000001100001011000
000000000001000000100100011000100010100000000110010000100000001000001100000110000001000000000000000
000000000001000000000011010001010100010000010110000100000100101000100101000000100001001001100110000
000000000000010000000010000001100000111000000000000010100000000010000000001010000000000100000100010
000000000000000000000000000010000000001010000100000100011000000000000000110000000001000000000010010
000000000001000100000110100000000000000000000000010100100100000000000101000000000101100000001100100
000000000000110000000000000011100000001000100000101110000010101001010000010000000001000000000100100
000000000001000000000000110010001101000000000101100010000000000000000100000000000000100001000000100
000000000000000100000000000110001000001010010000011000010010010000000011000000010101100000001000000
000000000010000001101010000011010000100000000000000001101100001100000011000010010000010011100101000
000000000010101011000001001010001100001100010010010000000000001010010000000001100001000000000100000
000000000011110100000000000000100110100000100010110000000101000011011000101001000000101001010001000
000000000000100000001000001100000001010100000000000000000000000000101000001010010001000000000001000
000000000010000001000000000000000000000000100100000100000000010000000001000000010001010100000100000
000000000000000000000000000110001000000000010000110000000100000011000001001000010000100100000100000
000000000000000010100000010000000000100000101000001000000001000000000000000101000000010001100100000
000000000000000010000100110001000100000000000101000000000000001010000010010000100000000000100010000
000000000000000000000001001100001000000001000000001100000100000001010000100000100000011000000000000
000000000011100000001000011100000001000000110011101000101010000001000000000000100110001010000100000
000000000000000001000110100100000010001010010010000000010010001000000000000000001000101000000000010
000000000000001100001010011000100100000010010000001000100001100110000000000000001010000001000000010
000000000010000000000000100000000001000001001110001000000000000000000000000000101000001000100000110
000000000000010010110000001100010000000001100101100010000001000011000000101001000000000010100000010
000000000000000101000100100000111000000110000110010101000100010000100010000000000001000011000000100
000000000000100010001010000000100100000000000101000000100110100001001100100000100010010001111000100
000000000000100010010010000000000010001010111010000000100000100000000000100011101000001000001010110
000000000000000000000000000000000001100000010000010000000010010000001101001000000100010000000000000
000000000000000011000000000101010010010110000001001000001100000100010001010001000000011000010110000
000000000001101000001000001000000000001010001000000000110000000000000011000000010000000010001011100
000000000000000010001000010100101000100110000101000010011110000101001000000000011100000001000101000
000000000010000000000000000000100100100100000101011000101100001000000000000001001000100000000001000
000000000000001000000100011000010000000100000000000010001001001000100001100000000000100101100000000
000000000000001000010000011000100000100100000000001000010100000000000001110000010000001000010000000
000000000000000000000010000000101000000000000000010010000000000000100000100000001001100010001000000
000000000000000000000001000100000011010000000010010010001000010000000001000101100101001001011000000
000000000000001000100000000000000101000010000100000000000001100100000000001000100010010000000110000
000000000000000000000010100001000000000010000101110010000010000000000000000000101000000101010000000
000000000001100110010110000000000110000000000010000000000110010001000100001100000110000010000100100
000000000010000100001000100000010000100001010000000000100001000000000010000000000000011010100000000
000000000001000000000000000110000100010000000010001001001110100000000000010100000000000000000000000
000000000000000000000000000111000110000011101001101110111010001000001000001100001000000000000101000
000000000000000000000000001000011000000000000000000100000110000000101101000001101101110011010000000
000000000000001000001001000001000000000000011010010000001000010000000001000000001000000001000010010
000000000000000000000000000000101100110000000000000100110000010010001000100100000000001000000100000
000000000000000001110001000000000000001001011000100000100000000000000010000000010010000001000101110
000000000000000001000100000001000010010100000000000000100100000000000010000000000000000000000000000
000000000010010000101001000000010000010100000010000000000010000100000000000011000000110000101000000
000000000010100101110100100000001000000000110000000000001000100100001011010000000001000000011100100
000000000000000011000000000100000010000100010001101100000100100000001000010110000001000100111110100
000000000000100000000000011000001010001000000000010001010010000001010000000000000000010110000000000
000000000000100001100000100100000010001000010000000100101000000100100010001000000101000100000000110
000000000000000000000000000000000000000000000000111111000100100000001000100000010000100100000000000
000000000000000010100000100010000000001000000100001100000000000110000010010001000010100000100100000
000000000000010001011100101000010000010000010010101000001000100000000101100000100000000000001000000
000000000000000001000001000001000100000010011000000111110001001001000000000000000000000101011100000
000000000010010001000001100010101010000000000101000000000000000000000110010010010010000000000001000
000000000000100000001001000100000010000000000000000100000011000000100000000000000000000100000110010
000000000000001000100000010000000010000010000100000000010000001010000001000000000000000000000100000
000000000000000000100000000000111000000010000001000001100001000000001000100010000101100000001000000
000000000000000000000000000000000000000000000000000000000000000000000000000000000000000000000000000
0 0
98 98