99 99
000000000000000000000000000000000000000000000000000000000000000000000000000000000000000000000000000
000000000000000000000000000000000000000000000000000000000000000000000000000000000000000000000000000
000000000000000000000000000000000000000000000000000000000000000000000000000000000000000000000000000
000000000000000000000000000000000000000000000000000000000000000000000000000000000000000000000000000
000000000000000000000000000000000000000000000000000000000000000000000000000000000000000000000000000
000000000000000000000000000000000000000000000000000000000000000000000000000000000000000000000000000
000000000000000000000000000000000000000000000000000000000000000000000000000000000000000000000000000
000000000000000000000000000000000000000000000000000000000000000000000000000000000000000000000000000
000000000000000000000000000000000000000000000000000000000000000000000000000000000000000000000000000
000000000000000000000000000000000000000000000000000000000000000000000000000000000000000000000000000
000000000000011100000100101000011010100000000000000001000000000001001010001010100000000000110000000
000000000000001110100110100001000000000000100010000000010101010000000010000000100000000010101000000
000000000010100000000001100000000000110100001000100000000100000000001000000000000010000000011000000
000000000001000000011000000010100010001000110000100010000000011001010010010000000000001001000000000
000000000000000110000100000001000000000000101000001010000110000100100010001001000000100100000000010
000000000000000001100001001000110100010001000100010100000101010000101001000000100000000001001000000
000000000000100000110001110000001010000000001001000000000000000111000000100000000100000111011000000
000000000000000100001101010010000010001011000100100100010101000010001100010010000000011000000000010
000000000000010000000010010000000001000100001000100001000000001000001100001100010000000000000100000
000000000011101000100010000100000101110010000100000101000000010000000000000000101000001010100000000
000000000000000000000000100000100000100100101100001000110000100000000001000000010100000110000000000
000000000001010000000000000000000000000000100100000001000010010010010000000101011010000000001000000
000000000000001000000000000001000000000100000001010000010001010010010010010010101000101010000100000
000000000000000000000110000010000000000000010010000000101100100010100001010000000010000001000101010
000000000011000000010001000000000000000100010010001100100100001010101010000010001001010100000110000
000000000000001101011000000001010001000101000001000001000000000010010000000000000010001000000001000
000000000011000001000010111000010000000000011011000000000000000000000010110000000000000100000000000
000000000000101100011100010100010010001010010000000010000001000011100000000000000001001101100101000
000000000001001010100110010000000000000000000100000000110011100000000100001110000000010000110000000
000000000000000010000000000000100000001100000001001100000001010001100100000000101100000011001000000
000000000010100111101100100101000110010010001000110010000000010100100000000100000100000100110000100
000000000000000000011100001010111001000101101000000001000000011000000110000100000001000000010000000
000000000000000000000000001000000000000000101000100010100110100010010000000000000000010001000010110
000000000011001011001001100000010110000000100000000000111010000011100100010000000100000000100101100
000000000000001110000100000000010000000000000000011000000100100001110000010000001011000000001110010
000000000000111010001010100000001010100000010010001010000100000001001100001001110000000010000001010
000000000001000000001000000000000101010001000000100000001010010010000000001010000100101000001000100
000000000001000001010100000101100101000001110010010101000000000100000011101011010000010000000000100
000000000000101000000000000010000010100011000000000000000010000000011010100000100000000000100100000
000000000000001100000010010111000000100000110000000110000001011100000100010010000110000000000000010
000000000011000100000000010001000000010000011000000010000001001010110100001101010001000110000000000
000000000000100100000000100100010000000011000010000000000001000000000010000000110000001000000001100
000000000000100011000000000000001000000000000000000000000110001001010000100000110000100100100101000
000000000000000000000100000100000011000100001110000000000100001000101000010000000000000011000001000
000000000010100010000000000000000010010000101000010001000000001000010110001010011000000000100000010
000000000010110000100000100100010000001010010101100100001001000000000000000100011001010000000010100
000000000010001000000000100000010000010001000100000100000000001000100010000000000001001010001000010
000000000000000000001000001100001000000111100000100000010000110100000001010100000000001010001010000
000000000000001000000100000100010000000110000000100000001010001000000110000000100000011001000010100
000000000000000000100011000000001001000010001000000010000000001000000000111100000000000010011000000
000000000001100001000000000001000001000000000010000000100001000010100110010000011000001000000101010
000000000000000000100000001100001000010001000000001000000000010100001000000000000001000010101100000
000000000001100000110000110000001000001000100100000001010010000011000001001011000000001010001000010
000000000011100001001000010001010001001000111100000101000011010010000000000000111000000100010000100
000000000000000000010100000000000000010000000110000000010010010010000000001000100000000000000001000
000000000000010000000001000011010000000010001000001000001001100001000001001000000010000001000000000
000000000000000000100011011100110000000010010000000010000010010100001000001100000010010000001100000
000000000000101000000010000110000100100000000010010000000000000101000000011000000100000100000000100
000000000000010010000001010000000000111001101000010000010010000000000000000010000000000001000000000
000000000011001110100000000010000000000100010000111100010101010000000010100111000110001000000000000
000000000000000010100010010000011001000110000000001101010100100001000000100000000000000100000000100
000000000010000000000000100001101010001001000001000000000001011000000110000100100000000000000000000
000000000000001000000000011000000000100000100000000000000100000001010000000000100000000100000000100
000000000010110000010001000000101010011110000000101001000010100000010001001000000010000000000010010
000000000000000000100000000100010001001011000000000101110000000001000000001001000001000000000000010
000000000010110000000000000010000111000100010100001010010001100000000000000000101000000111101110010
000000000010001001000000000000000100001001000010000100000111000001100000100010001000000000010000000
000000000000100000000100000100000001000001000100000000000011100000001100010000001000010010000100000
000000000010000010110001000000000000100001000000100010100000100000100000000011010000000000000110010
000000000001000000000000000000001000000001000001000000010000000001001000000000000000000101100000000
000000000001000000010001000000000000000100100000000000010000000000000000010000001000110001000100000
000000000011000101001000100000010001000000101000011000100000000000001010000000000100000000000000000
000000000001000010000001000001001000000000000001000000000010000100000001001010110000011000000010000
000000000010000000101010000000101100010000000010000000001000100000001000000000101001010100011000000
000000000001000110001110000010100000000010000110000001010001100000001001100000000000010000100010000
000000000000000010000001100010000000000000110000000101011000000000010000101011000000000000000001010
000000000000000000010000010010000011001001001000110010011100010000001000000000000000011000000000000
000000000000000010000100000000000000000000000000010001000000100010010010000100000000000001111000000
000000000000110000000010000000001000101000000000000001001000000001000000100010000000000000000011000
000000000000000000000010011110000001011000000000100000000110010110100000010000000000000000000010000
000000000001100000000000100000000101101000011001000000000110100100000010000000001000100101011000010
000000000000000010000000000110000110010000000000000000010000001100000000000000100000010000000001010
000000000010000100010000000000000100100000110000010100000011000110000100000001000000000001001001000
000000000010001100000000010000001000100010001000100110111000010001000001010010001000000000000001100
000000000000000000110000000101000000010001010010000000001010000001000110000000000011010000000100000
000000000000000000001000110100000100110000011000000000000000000010000010000000010000000001000100010
000000000010000000010001000000000011000100000000100000110010001001001011000001010100100000001010000
000000000000000000000101000011101000001001001001001000000000101110101101000000000000001110011100000
000000000010000110000001001000000000010000001000001000001000010000010000001000100001000000001100000
000000000000110000001010000000100010001000100000011101000001000000101010101000000000000010000000000
000000000000000000010010000010010000000000000000000001010000000000000100001100001000000101001001000
000000000000010001000000000000010110000100000000000001000000100000000000010000100000100010010100010
000000000000000100100000000010010000010100010001000001010010000111000110000000000000000000000100000
000000000000100000000001001000000010000000000000000010000011010000000110101001010000000001010011000
000000000000100010000000000101100011100000010001000010000000100010000010000100011001011010010110010
000000000000000000000010000010000001000011101000010000100100000000001000010001000001000000101000100
000000000010000101000100010000000100101000000000000000000010000000010001110001100100000000000001000
000000000000010010000100000000100000000110100100000000001001000110000001001000101000100000000000000
000000000000000000000000000000000000000000000000000000000000000000000000000000000000000000000000000
0 0
98 98