99 99
000000000000000000000000000000000000000000000000000000000000000000000000000000000000000000000000000
000000000000000000000000000000000000000000000000000000000000000000000000000000000000000000000000000
000000000000000000000000000000000000000000000000000000000000000000000000000000000000000000000000000
000000000000000000000000000000000000000000000000000000000000000000000000000000000000000000000000000
000000000000000000000000000000000000000000000000000000000000000000000000000000000000000000000000000
000000000000000000000000000000000000000000000000000000000000000000000000000000000000000000000000000
000000000000000000000000000000000000000000000000000000000000000000000000000000000000000000000000000
000000000000000000000000000000000000000000000000000000000000000000000000000000000000000000000000000
000000000000000000000000000000000000000000000000000000000000000000000000000000000000000000000000000
000000000000000000000000000000000000000000000000000000000000000000000000000000000000000000000000000
000000000000001000000011110000000100001101100010000001000010000001000001000000001000010100010000110
000000000011000000011001001010000000100000100000010100000000000000101010100000100000000000000010110
000000000000111100000100000000100000100000000100000010000001000000010000001000010001000001100100000
000000000000000000000000000100000000100000100100101000000010001011000000010111110001000011000001100
000000000000011101010001101011000011100000110110000010000000010100100000010000000000110110000001010
000000000010000100010000000000000000000000000001011000000001001001000010101000000000010010000001010
000000000000000100000001001000001000000000001000001000000110000001100010100010010000010100001000000
000000000010000000000010000000010001100000000000100000110010100000001100000100000000010000010010000
000000000000100000111000010001000100011000000011000010000001001110100000100000000000000001000010000
000000000000000001011000000000111011001000001000000011000000000000100101000000010011000000000001000
000000000000000000000000000000000100010010001000111000010000100001010110100000010001000001000111000
000000000010000010000000000000001100000000000000001000000000001100001110000001000001000001000101000
000000000000010000100110100100000000100000001010100000000000000000001001000010000100000000010000010
000000000000000000010011001000000000100000000001010000110000110000000111010000010000100010100010000
000000000000010001010000001000001110000000000000000000001000000000001000000011000000000000111000010
000000000000000010010000000000010000100000001000000000010000010100010010000000010100000000100000000
000000000000000110000000000011010000000010000000001000100011010000000000101000001001010000000001100
000000000000111010100000000000000000000001001000000000000000000100000100100000000010110001001110010
000000000001000000000000100000000010000110000000000000000000000000001000001000001000100100100100000
000000000001000111000000000001000000010111000010000000000010100101000000001000000101100000001100100
000000000000010001000000101001101001000010100000100000000001000000100000010000000010000010001010010
000000000000111001100100010000010001000001101001000100010000000001000010000000000010000000000000010
000000000000000000000000000000101010000001000001001000000011000000000000000000000000010000110000000
000000000001000000000010000000010101000000100100010010001001000010110001001000000100001110000001000
000000000001000100000000001000001000001100000100100000100001010000001101000100100000000010000000100
000000000000000000000000100000010010010000000000000000000000000001000000000010000000000000100000100
000000000001101000110100000000000000101000010110100100010100000000000000010000000110011001000100010
000000000001010010110001000000000001100001010101001011000000000100000011110001100000001000000000000
000000000010000000000000000010000000010111000001000000000101000000001010011000001000000100110010000
000000000000000000101001010000000000000010000000000000100000100000011010000001000000000000001000010
000000000001000010000100100010000000010110000000000001000000010000010000000000010000000000000000100
000000000010000000001000100101001000000000000000001001000001010000000000000000100100001001010010010
000000000001010000000010100000000010001100000101000000100000100000000000010000000000001000100001010
000000000000000101100000011100010000001000000010000001000010100010110000000000000000000000100000000
000000000000001001001000101000000001001000000010010000001010001010000011001001101010110001010000100
000000000000000000000000000100000000001000000000000100001000001001001111101100100000000001010000010
000000000010011001010010010100000000001000010000000100001000100101000110010010000001000101010000000
000000000000000101000000000000000000100000000000010001110001000000001000000000000000000110100001000
000000000010000000111110000110000010001011011001010010000000000001000000000010100010000000001010000
000000000000000000101000000100000000000000000000110010000001000001000100000100000000000100000100000
000000000010000000100000100100100000001000000000000000010000000000110000000000000100101001001000100
000000000000001000000010001001000000010010000001100001000100000000010000000000010100000110000100010
000000000000000000101000100000000000000001000000000000000000001101000000011000010011110100000000110
000000000010000000000000101100000010000000010000000000000000000001000010100000000001000011100000010
000000000000100000000001010101000100000000000000001000100000000000010000010110001011010011110100000
000000000001011010000000000010001101110010000010100001010000100000000000110010100000000000010010000
000000000001000010000010010011000011010100001010100000000000010100000000010001011000001000110000000
000000000000001010100000000000100000101100001100101110000000001110000100000011000001001000000001010
000000000010001110110100001100001000000000001000101001000000000010001000010000001000000100101000000
000000000000000000101000100000000000100010001010000010000100110000000000100101011100000001000000010
000000000000001100000001000010000000001100010010010100000000010000001000011001000100101000000001010
000000000001000011000000100001100110000101000000000000100010000001001000100000010101000100000000000
000000000001101100010000001100000000010000000000000000100010000000011100010011000000000101100000100
000000000000110100001000000010100000010100010010000001010000000010001010100101000010000100000001000
000000000001000000000010000000000100000100000000011001001000001000000100011001000010110000000000010
000000000000000000100000000000100000000000100001000000000100000000000000000011100011000001000000100
000000000001001000000000000010010000100000000000000000010110010000000100001010000000100000101000000
000000000000101010001000100001100100000000010000000000000100101110000100000010100110100000010000000
000000000000000000001000000100000000000011010001000100000000010110010000000001000000001000000000000
000000000000000000000001101000010000100100001000001000001000000000000011000000000001000010000101000
000000000010000010010010110101000000001100000001000010001000000000000001000000000000000000110000000
000000000000001011000100001001100000001110000000101000100001000000010000000100000100000010101001000
000000000001000010000110000010000101000001000000101100000000010100000010011000000000100000001000000
000000000000000001110000010000000010000010000110000001001000000010001100000111000010000000101000100
000000000010000001010000001100101100000110000100000000000001000100000000101000000010001011100000100
000000000001010100000001001000100000000000000000010000011100000000010001101100010001000100000000000
000000000000000000100000000000110100010001000000000001000000000001000010000110000000000101100000000
000000000000000001000001100001110100100010000000000100000000001001000001001000000010000000000000100
000000000001011100100000001101001010000100000000000010000000010010000000000100000000000000000010100
000000000010001000000001000001001100000010000100110010000000001010101100100000000001000000000000000
000000000010000000100110011101100000100100100000100000100010000100000000000011010000000001010000000
000000000000001000001100001000001000000001000110010001100000101110110000100000010000110110000000100
000000000000110000000000000000001100000000000000001000000000000001000000000000001000100001000000000
000000000001000000010100000000000100000000010000110001010001011000000011000000001000000000100100000
000000000010000100000011001001001000010000010001000000000000001000001000000100000100100001010100000
000000000010011000001000000101001000111100010000000101001011000010000000000000000010110000101000000
000000000001000001001000000000010000001000100000000000000001010001000000001100010001000100101000010
000000000000001001000001000100001000011100000001000011100010000100000100000001000010000100010101000
000000000000000011000100000000100000000100000000000000010000001000000000001000000000010001000001000
000000000010000000001000000010001010000000011000100001000000010000100101000100101001100001100000000
000000000001000100000100010100010000010000000010100010001011000001010100000000100001000011000100000
000000000001100001110000100100000100000000000000000000000110000011000000100001000000110000000000000
000000000010000010110000100010100010101000000010100001100100000000010101000000000000000001010001000
000000000000011000101000000001100001110010000001000101000001000001000000000000000000000110000001000
000000000000000010000010001000110010000000000001000000000011000000100000000000000000010110000110000
000000000000000000000101010000001001000000000001000001000000000011001000001010011011100000000101000
000000000000000000000110000000000000010000101000000000000000001000000000000000100100000000000000000
000000000010010001000000000000000000110000000001000011100000100100000000011000000000000100000000100
000000000000000000000000000000000000000000000000000000000000000000000000000000000000000000000000000
0 0
98 98