99 99
000000000000000000000000000000000000000000000000000000000000000000000000000000000000000000000000000
000000000000000000000000000000000000000000000000000000000000000000000000000000000000000000000000000
000000000000000000000000000000000000000000000000000000000000000000000000000000000000000000000000000
000000000000000000000000000000000000000000000000000000000000000000000000000000000000000000000000000
000000000000000000000000000000000000000000000000000000000000000000000000000000000000000000000000000
000000000000000000000000000000000000000000000000000000000000000000000000000000000000000000000000000
000000000000000000000000000000000000000000000000000000000000000000000000000000000000000000000000000
000000000000000000000000000000000000000000000000000000000000000000000000000000000000000000000000000
000000000000000000000000000000000000000000000000000000000000000000000000000000000000000000000000000
000000000000000000000000000000000000000000000000000000000000000000000000000000000000000000000000000
000000000000000000001100000000010000110010000000011001000010000000010000100000101000000000000000110
000000000000110011100000000011001000000000100100000011000100100000000100101100100100001000000000000
000000000010000100001011000000000000010000000000100011010100000000001000000100100010000100000000000
000000000000010001000110000000101000000000000010100100101000000000001100000010000000101001000001100
000000000001100100000001010010101111000011000000001100001000001000010000000000000000010000010000000
000000000000000100010010100000000000010010000011000011000000101000000000001111000010100000000000000
000000000000000010000110011010000010000100110101100110010101000000000000010000000000000100000000100
000000000010000000001000010001000001000000101000000100000000100000000000000000010100000000000010000
000000000001000000001000011011000000000000000000001000000010100000000100000000110000001000000001110
000000000000101011001000010001000110010001000001000000000001001000000100000001100110000101000100100
000000000000000001000001000000000000000000100101100100000100001010101000010100000010100001000001000
000000000001000000000000000011010100000000000000000001000001100000011000100000101000001010000000000
000000000000101000100000000010000110000100010000011000000001100100000000110110000000000000000000000
000000000000000001000000000000001001010001010011101000000010000000000000000000000100010000000000110
000000000000000100000010001010100000010011010000000000000000000001000010000000000010000001000010100
000000000000000001000000100000011000010000001010001000000000000000100010100000001000110101010000000
000000000000000000010101000000001001001000001011101000001010000000101000010010000000001000011000000
000000000000000001001000010100000000001000100010000000000000010110010000000000000000100000000000000
000000000000000000011011001010000000000000000100000000000000100110100000101000000000100011000001100
000000000000010000000010000000000001000000010000000000001010001100100000001110000000000000100000000
000000000000010000000101001000100010100100000010000000001001100000000000000000010000000010000010000
000000000001000010001000010100000000110001000100001001001100000010000010100111011000001000000101010
000000000000001001000100100100000100100100000000000001010000000001010000000010100000000101000000000
000000000000100011000000000000000000000010100000010000101000000111000010000000000100100000100100100
000000000000001000100000110110000001000010001101000000000001011000000101000000000110101100000000100
000000000000000000000010010000000100101000100001010010000000010000000000001000111011000000001100000
000000000000000000000001000000000000001110000110000110000000000000000100000001000100000000000000000
000000000010000000000001000010000101000000000000010100010000000001001010000010011000000101100000100
000000000000101000100000010000010100000111000000000100010001110010110000001100100000000001001001100
000000000000010000000000100000001100000100010000001001101100001000000001100000000000000000010000000
000000000000000001100000000100010001001000100000001000110000000000011000000100000000110000001000010
000000000010011000001010000000000010100000000001100000000001000001000000100000010000001000000011010
000000000000000100010000001010100010000111000100001100000000010000011000010010010000000010000001000
000000000000000010100000010001001110000000100100100000001000000011000000100000000110001000100110000
000000000000011001000001001000010000010000010010000100000000010001001010000000010000000100000010100
000000000001000000100000000000001001100001000000000001001000100100111100000110101000000000100010010
000000000000101001001000101100101000000000100000000000000000000000000100000000000000001000000001100
000000000010001000000011000001000101000101010000010010100000000000010000000000011000000001001110000
000000000000000100110010000010100101000000010100000000001000000100100000000000000000101100000001100
000000000000101000010010010000000110100000000001000011010010100000000000000010010010011100010001010
000000000000010000001000100101000000111100000000010000100010000100010000100011000000011000000000010
000000000000001000001100000000000000010001100101001000000010101001001100100000100010000000010000100
000000000010010001100001001000100101000100000001010000000000010000100000010100000100001000000101000
000000000000000000000001000010010000010110000100000001000010011000000000010000001100010100000100100
000000000000011000000010000001010001000001000000010101001000000000000000100000000000000010000001000
000000000010000001000000110000001010001010010000001000110010000000000000000010010000000000000100000
000000000000000100000000100000001000001010000001000010000000001001111000000000001111000000000001010
000000000010000010010000000010001011000000000010001000001000000100110000010100000000010000110001000
000000000010011001000000101110010000110000001011001000000001010000000011000001010000000100110001000
000000000000010011000011000000000000001000100001101100001000000000000101000000000000110000010011000
000000000000000010001000000101011000000100000000000000000000000100000001000001010100100100000000000
000000000001010001001011100000000011000000010000001000100010001000010111011010011000000000000000010
000000000000110000000000000000011010000000000001001010000100001000100010010010001110000000110000000
000000000000101000010010010001000000000000010000001101100001011000010010000101001000110010100000000
000000000000001100000000000011000000000000010000010000000101011001010000001000000000010001001000000
000000000010000010000000011100000000010000000001000000001011001000001000100101010000101000000000000
000000000000010000001000001000000000110000000000000000100001000000100011000000000000000000000010000
000000000000100100000000011100001110010111001000001100010010010000001101001101010110000011000001000
000000000000001100010010000010000010000000000100000000001000001100110000000001100000110010000010000
000000000001000000000010000010001000001010000101000000000000000010000100000000010001100000001100000
000000000011010010000010000000010000000000010100001010100001010100000010000000000011001000010000000
000000000010001000000000111100001000100000100111100100000000010010100000000001100010110000001010000
000000000001001100000000010001100000000000101000000000010000011101000001000000000110011000000010000
000000000010000001000010000000001000010000011010000000100000000000010010000110000000000000000000000
000000000000001000000000001000110010000001000100000000000010001011000000100011010001100001000100110
000000000000000001001000001100000000110000001101000000000010000000001001000100000100010100100000000
000000000000100001000101000001110000000001010000100010000001000010110110000100000000000000010110000
000000000000000000010001000000010000100000101000001000001010000101000010001000100010000001000000100
000000000000000000000000001000000001100000000001000000000000001000000000100010000001000000000101100
000000000000100000010010000001000100100000000100000001001000011000000010000000000000010000000000000
000000000000100101100110001010101001000000001000010000000000000000010100000010000100000000101010100
000000000001000010000000001000100000100001100010010010110000110110000110000000011000001101100000100
000000000000001101011001010010001010100001000000001000000010000000001001000110000000000001000000000
000000000011000000000100000001000110000001110000000000100010000000000000010000001000000000101001000
000000000001000001000000000000000000000001000110100000000100100000000100000000000000001010010001000
000000000000100010000000001000001000001000000010010000000001011000000110000000100000000000000001000
000000000000010000000000100010001000100000010000010001000000000100100010000100011000000000000010000
000000000000100000100000100000100010100100110001000001000000000000000011100101000000000011001001000
000000000000010000000001001000010000000011000100100010100010100011000000100011000100010011110000100
000000000001000001000010100000001000000000001000001000000110101000000000000000100000000000000001010
000000000000100000001000100000000001100000000001100000000000001000000000100010000110000000000000010
000000000000001000001000100000000000000100011100100000100011100000001000000000000000001001100001000
000000000001010000000011000010001000000000100110000000000000001000010000000000001100100000001101000
000000000010111000100000000011001000000100101001000000010101011001100110010000101110000000001000110
000000000001110000111001000000001000000010100001000000000000110010010000001001010001000000000011100
000000000010100000001000000000010000000100000101000000000000001000000000000000100100011010110000000
000000000001000010000010000100000001000000010010000000000010010000010000000100000000000001010010000
000000000000000000011000000110000000000100001000000000100000000001010001001000000000011000001000000
000000000000000000000000000000000000000000000000000000000000000000000000000000000000000000000000000
0 0
98 98