99 99
000000000000000000000000000000000000000000000000000000000000000000000000000000000000000000000000000
000000000000000000000000000000000000000000000000000000000000000000000000000000000000000000000000000
000000000000000000000000000000000000000000000000000000000000000000000000000000000000000000000000000
000000000000000000000000000000000000000000000000000000000000000000000000000000000000000000000000000
000000000000000000000000000000000000000000000000000000000000000000000000000000000000000000000000000
000000000000000000000000000000000000000000000000000000000000000000000000000000000000000000000000000
000000000000000000000000000000000000000000000000000000000000000000000000000000000000000000000000000
000000000000000000000000000000000000000000000000000000000000000000000000000000000000000000000000000
000000000000000000000000000000000000000000000000000000000000000000000000000000000000000000000000000
000000000000000000000000000000000000000000000000000000000000000000000000000000000000000000000000000
000000000000000001010100000010000001001000000010001000000000000000010001000001000001100000111001110
000000000010100000000000000100000000000000000000000000110000010000000101000000000000011101100000000
000000000000010010000100000010000100100100000101010101000001110010000000000000000000000000011010010
000000000000000100100000100000000000010000000010010010001000010000000101001101010000110000000000010
000000000000000001000101000000000011010000000010111010010000010110000010000100000000010000000010100
000000000001010100100110010000000010000101000000000000000010000000000000100010010010000000010001100
000000000000000100100000000000000101000010000110000010000001000000101001001000010000111000000001000
000000000001000010000001000100001000000000000010000000001010000100001000000000010000000001100000000
000000000000011000110000010100000100001100000000000001000000000100000100000001001010000000000011000
000000000000010000100010001000000000001000000000010000100000000001101000001010000000000010000100010
000000000000100001100000000010000000100000000000000100000000100100001101010000000010000010100000000
000000000000100100100000000100100000000000000100000010000000000000101000000000000000000101110010000
000000000001100001100100000001001010000000000011000100010000000000100000000001000000000010100000000
000000000000000010001000001101010000000000000000000000101000000000111000000100010000010001001001100
000000000000010010100010000111000000001100101010101000000000000000000000100111010000000000000000010
000000000000011000000000000001000010000001001001000000000000100110100000000000000000001000000001000
000000000000010010000000010000110001010000000100000101001001000110000000000100000100011000000000000
000000000000000001000001100101000100001010000000001000100000000000001000000111000000010100000100000
000000000000000000010000000100000000000010000100000000100110000001000010100000001000100011000000010
000000000010001000000011101001000000000010000100001100010001001000110000000100000011000000000010000
000000000000010000000000011100000100100010010000010000010001000000000101000000110001001000011000000
000000000010100000001001000010101000010010000000010000000000001000000000101001000000000100010000100
000000000010000100001000001000000000010100010010010001010001000000000000000000000110000011010000000
000000000000000000100100000000100000000000011000000000000000001001000000000001000100010010000010000
000000000011001000100000000000010010100010001000100000000000000000010101011010000010100000100001000
000000000010100000001001101000100000000000000100000000000100001101001000000100000000010000000010010
000000000000000101000001010100000000001000000100100000000100110000000010000100000010001001110000000
000000000000000000001100000000010000000000000000010000000010000000000000000000000000000010111000000
000000000011100000000000100000001000101100010000000110000000000000100000110000000100000001010010000
000000000011100100000000001000000000010000001000000000001000000000010000100000001010000000000001000
000000000000101010000100110001000001011101010000000001000000000101001100000001000000000000010000000
000000000000000000011000010000000000000010000100000010010101100101000000100010000111100000001100100
000000000010000000001000000000000000000010000001000010010010100000000100100110000000010000000000000
000000000000000000001000010000001000010001000000000000100000000100000000000100010101101000000000000
000000000000001001000000010000000000001100100100100101010000000000001100000000000100101101011000010
000000000000000000000000101011001100000100000000101000001100111111000000100000000110001001010111010
000000000001001000100000001100100001000000000000000000100001000010001000101100100010010010000000000
000000000000000000000000000101000000000010010110100010111100010000000000010010000010111000000011100
000000000001000000100100100001101000010010000100001000000010001000000010010000001000010010000100000
000000000000100000010000000100001000000100100000000000101001000100100000001000110100000000001001000
000000000000000001000000000001100100001110010000010010000000001111000000000000001000110000000000000
000000000000000000000010001000001000000101000000100001010000000000100000001000000010010000000000000
000000000011100000000000100000000000000010000010101100000100001000000000100000001000000000000000010
000000000000000001000010110100001000100110010010000000100101000110000001100111100101001010100000000
000000000000000010001000001001000101000100000010011010000100101111000010000001000101010010000000100
000000000010010000000001100001000000010100000010101000001001100000001100011011110001000010011000010
000000000000000101010000011000000101011000100000000010001001000000110000000001000010010000000111100
000000000010000011000000010000000000000101010000010000000010000000000010111011100000101001000101000
000000000010011110000000000000101000000010000000110010000100000000001100100101100011001000001000000
000000000000000011000001000010000000000101010000110100001110000000000000000010000100000110100000000
000000000000000100000000001000100001110000001001000111011000101010110000101000101100100000101000100
000000000000010100000000001000010000000010000001101100001000000010000100001000000010000000000010000
000000000001001100100011100000001001110000100011000001001010000001000000000000000110100000010000000
000000000000110001110110000000001100000000010000010010000000100000000000000000000110000010001100000
000000000001000110100000010000000010001000000000000000000000101100000010101001001100000001100001100
000000000000011000000001010000000000000000000010000001000100000000001000100000100010000000000100010
000000000001000000100000010000010010011000001010000000000010000000000000001100000100010100001100000
000000000011000000110100000000001010000001001001000001010000000010011000000001011000111000000101000
000000000000000001001000000001000000101000001000000000000000000000000000010010101000010000000110100
000000000000000010001000100001000110000000101100001001000000000000000010001000000010000110011100100
000000000011000000111001000100001110001001000000101000000000000010000100000010000001001000000000100
000000000000100000000000000000000000000000000000000100000010000001010011000000101000001000101000100
000000000010010010100000000111000000011000000010001000000001100000011011000010000000000000000001100
000000000000000000000000010000001001001011000010000000111001001000010000000011100000000001000000000
000000000010010000001100000001100000100000000000000000001000000000000000100000000000011101001100000
000000000010000000000000000100001100100001001000001000110000000100000110100000000001100001010000000
000000000001000000010011000000000100100100010000000000011000000011011000000000001001101001000010000
000000000010010000000001000000000000001000000010100100000010101000100000000100001000000000000100100
000000000000000000000101010000010000000010000101000111000001000000011100010010000000000100011001000
000000000010010000100011000000001000000000000010000010010000100000001100100001000000100000001010110
000000000000001010000000000100010000101010001100000000000000100000000001010000000000001001000011010
000000000000100010110001000000000000000000000100000010000100000010001001000110100000000101100000000
000000000011100100000001000000100100000000001000001000100100010000000000001000100000100100101000010
000000000010000000011000000000100100000000000000011000100101000110010001010100000000010000010010000
000000000000000011000010010100000000100000000000001011000101000000000010000000000000000111000000110
000000000001011001000000011000011000000000000010000011110010100100000000000011000000000100010000100
000000000001000011001100000000000000000000000000000000000001000010100000000000000100100010001110100
000000000000010010101101000000100100110100001000000100000001001000000000110001000000000000000001000
000000000000001000001000100000000000000101011000101100010000010010000110000100000010000001000000110
000000000000000100000010001001000010101100100100000100001010001100000000101100000100010010100000110
000000000001110101000001001000010010000000000000100000000110000001010000100101100000000100001000000
000000000010001000000000101000000000111000000000000001000000000000000000000001000000110011011000010
000000000011000011000101010000000110011111101010000000000010000010000101100011110001000000100100100
000000000000100100000010000001010000000000000101000001000000000010000000000010010110000001011000000
000000000000101000011000110000000001000000000010100000001000000010000000000000100001001000010100000
000000000000100001000000000100000011000000000010010001010010000100100001100000001000000100100000000
000000000010001000010000000000000000000001000000000000100010000010000011001000000000000000100010100
000000000010010000000100000001000000000100000001000010010001000010010000001000000000000000000000010
000000000000000000000000000000000000000000000000000000000000000000000000000000000000000000000000000
0 0
98 98