99 99
000000000000000000000000000000000000000000000000000000000000000000000000000000000000000000000000000
000000000000000000000000000000000000000000000000000000000000000000000000000000000000000000000000000
000000000000000000000000000000000000000000000000000000000000000000000000000000000000000000000000000
000000000000000000000000000000000000000000000000000000000000000000000000000000000000000000000000000
000000000000000000000000000000000000000000000000000000000000000000000000000000000000000000000000000
000000000000000000000000000000000000000000000000000000000000000000000000000000000000000000000000000
000000000000000000000000000000000000000000000000000000000000000000000000000000000000000000000000000
000000000000000000000000000000000000000000000000000000000000000000000000000000000000000000000000000
000000000000000000000000000000000000000000000000000000000000000000000000000000000000000000000000000
000000000000000000000000000000000000000000000000000000000000000000000000000000000000000000000000000
000000000000000000000000000000000001010100000000000000000000011000110000100000110101000100000000000
000000000010001000001000000000000101100000110000000100000000000000100000000010010000010000000010000
000000000010000000100010010000010000000100000001000010000010100100010000000000000000000000000100000
000000000000000010010000000010000000110100000000000101000000001000001001000000000001000100010010010
000000000010001100010001000010101001000100100100000100010000000000100000000100010000000000000100010
000000000010000010110001000001000011001000001000000000000000001001000010000100000010000010000110000
000000000010000000000001000000000000000010000000000100100001100001100001000000110000000001001100000
000000000000000000000000000000001100000000100010000000000110000000110000000000001001001010000000000
000000000001011001000000000000100000000100001110001001001100000000000000001000010100000010000001000
000000000001001000000000010000100000011000000100000000000010001001000000100000000000100001110000000
000000000000000000000110100100000000001000100000100010000000000001000011100000000000100000000001000
000000000000100000000011100100101100100100000000010001010000010100000100000000011010100100000010010
000000000010011000000010010000001110000110000000001000010000000100000000001101000000000000010100000
000000000001000010000000000000000000100000000010000000000000001100110111000000000100000000000010000
000000000000000100000000011000001000000010000000010000010001011000000000100010000010000000001100100
000000000000000000000010001000010101000001100010000000100000001000101011100000000100000010010000000
000000000000110010000011000001100011011100000000100101000101001000000000000100000100000001101000010
000000000000100011000000010010000000000000000111000000000010000000000000110010011100010000100000000
000000000010010000000100010100011000000000100000110011110100000100000000000010110000000001000000100
000000000000000100000000000000000000101000100000000000000100000110100000001000010000000100010000100
000000000000000000110000000010000101000000100000110000000000010000101000000010000000000000100010000
000000000000000000001100000010100100000000010100000100000001100011000110000000001000010010000000000
000000000000100000110000000100001001000000000000000000000010000000001000000000000100000000000000100
000000000000000001000000001010101000110100010000000000000000010000011001000000100100000010000000000
000000000000001000001000001000000000001011110010000000100100000010000000010000000100100000001000000
000000000000000000000100110010001011000110000110001100000000000000000000001010100000000000000000000
000000000000000001000010000000010010000000000000000000000000000000000001000110001000011100000000100
000000000000010100000011001100101000010000100101001000100000100110100000010000100001000000011101000
000000000001000100000110100000000100000000000100000100001000000000000000000000000100110001001010100
000000000000010000001000101101001000000000100000000000100000000010000010011001000010010100000000100
000000000000000000100000000100100000000000000001011100000001010001000000010010101000000001000000010
000000000000000101110000000010011001001010011001011000010000000000000001010100001000001000011000000
000000000000000000001000000010010000000011000000110000001000000000001000100000000000000000000000000
000000000000000010010000000100001100000000000000100000000100000100100000001000001000011000110001010
000000000000010000100000100000000010100000000000000001001100000000001000010001000000000010000010000
000000000011000001010001000100000101000010010000000010000000000000001010001101001100000000010000000
000000000000100100001110110000000010000100000010000001000000110000001001000000010100100001000011010
000000000010000000000010000000000000011000010000000000110100000001100000000000000110000000000000010
000000000000000000010000000001000101000000000000000000010010000000000000000000011001010100101100000
000000000000000001000000000000010011000000010011011001000000100000010100000000000000000011001000000
000000000000000000001000000001101001000000100000100001001000000000010001000011000000001000001000000
000000000000001000000110000001101000000000000000100000010101101010000000000011010000001000000000010
000000000000000001001000001100000010000010001000010110110000000000000000100000010000001000001000000
000000000010000000001000000000101000110000000100100000000000001001010000001101000010100111000000010
000000000000100000010001000000001000001001000100010001111000001000000100010000000110101000111001000
000000000000000001100000100000000000000000000000010100110010100000000000001011100000100000100010000
000000000000010001010000000011000000001011000001000100100010101010100111000001000000100000001001000
000000000010000000000001000010100000001000100000010110010000000000100000100000001000101100000000000
000000000000010000001010110000100000011100100100000100100101000000001000111010011000000100010100000
000000000000000011010000010001000001010000000000000000010010100001000100000001011000000100100000000
000000000000001001100000000100000001001001110000000100100101000001000010101110000110100000000010000
000000000000000010000101110001000000010000110000010000000001000000000100001000010010100000100000100
000000000000100000000000111000000010100011000011000001001010000000000000000011010000101010010001100
000000000010100000100000010100101000001000100001011000011001001000110101000000000100000000000000110
000000000000001100000000000000001010100010011100000000000000000010010011101010000000000100010101010
000000000000001001011000000000001000000000000000000001011000000000010100000000100000010000000000010
000000000000100001010110010100001010000000100010000001000000000100001000000001000001000100000000000
000000000000000110000000000000000010000001111000100000101100001100000010100000010010100010000000000
000000000000000010000000000000001011010000100110000000000000000100010010000000011000010010000000000
000000000010000100000110001001101001000100101000010100000100000000100000000011100100000001000100000
000000000000000000010000010000000001011001000000100001000000010000101000000000001000000000001100100
000000000000000010000000000100010000100101000000000000000010000000000000010100100000101000110100000
000000000000010000000010100100011001001110100000000000100010001000000000010011001100000001000000000
000000000000001000000000001011111000000000000000011000010000000000010001100110000010100010000000000
000000000001101000001000001000000000000010100000000000001000000000000000010000001100000101000000000
000000000001000000000010000000000000000000000000000000001000000010000011001000011000000000000000000
000000000000001000001001000000001000011001000001000010100010001100000000001000101100001010100001000
000000000000101000000111100100000001000101000100100010000010000100000000000100001001011110001100000
000000000001001000000000010100010010000100000010100001000000100000000000100011001000000000010011000
000000000000000010001000000000100000000000000000000000000101001000010010000001000001001011100000010
000000000000100011100000000000000010000011001000111000000000000000000000000100000000000001000100000
000000000001100110000100010010001000001000001001000110000010010000010000000001000000100110000001000
000000000000100000001000100000010000011000000000010000000110000000101000000000000011000000010000000
000000000000011001100010000000001001000100100001110000010100000000000100000000000000000010001010010
000000000010000000001000010001000001000010000000000000010000101000010010000000000101110001110001000
000000000000000000000000001000010011100000010010000000110000001000001001110000000000000110000101000
000000000011000011000010000100001100010100011000000010010011000000000000110000000000101010100000010
000000000000100001100100000000001000000100000000000000000000000100001001000000010000000000000100000
000000000000100010110000011100100000000100000000000010000000000000000110010000100000100000000010100
000000000000110000010000110000000000110100000010000000001100101010000100000000000011000000001000100
000000000010000000000100000001100000000000000000000000000110000000000000000001000000000000000000000
000000000010000000111000001000010000100111000010000010010011000100000000000000100000001011110100000
000000000010001001001000000000001111000001010000000100001001001010001010001100000000001001100000000
000000000000001100010000010010000011000011000000000000000100010001010000101001101100100011001010000
000000000000010000000000000001001000001000100010001001001001100000000000000000011010000000000010000
000000000000000100000000001000010000100101001010110001001000101100100001100010010100100000000101000
000000000000000001000000100100000101011010000111000000100000000100010011100001000000000000000000100
000000000000010000000000001000100000100010110100010001000100001100000000001000010000110000000000000
000000000000000000000000000000000000000000000000000000000000000000000000000000000000000000000000000
0 0
98 98