99 99
000000000000000000000000000000000000000000000000000000000000000000000000000000000000000000000000000
000000000000000000000000000000000000000000000000000000000000000000000000000000000000000000000000000
000000000000000000000000000000000000000000000000000000000000000000000000000000000000000000000000000
000000000000000000000000000000000000000000000000000000000000000000000000000000000000000000000000000
000000000000000000000000000000000000000000000000000000000000000000000000000000000000000000000000000
000000000000000000000000000000000000000000000000000000000000000000000000000000000000000000000000000
000000000000000000000000000000000000000000000000000000000000000000000000000000000000000000000000000
000000000000000000000000000000000000000000000000000000000000000000000000000000000000000000000000000
000000000000000000000000000000000000000000000000000000000000000000000000000000000000000000000000000
000000000000000000000000000000000000000000000000000000000000000000000000000000000000000000000000000
000000000000000000000000100100000010011000110000010000100000100000001000010001010001000000000010000
000000000001000001001100000000010010000000000010001100000000001001110000010110000100000000010001000
000000000011001000000000010000000000000010100100001100011000001001000000001000000010100000000000000
000000000011001010000000010000000100110000000010000000000000000011000000010000000000010100010000010
000000000000000001000000011000000000000000000000000010010011000100011000000000010000010001000000010
000000000000111000001000000010000010001100010010011000001000010000000000100000001001101110000100000
000000000001001000000000000100000101010101000010000000000011001011001000010000001000000000101000000
000000000000000000000000000000000000000000011000100000100100001000100100000100000001000001000000000
000000000001000000000000000011010100101010000000000000000001000000100000000000000000000000001110010
000000000001100000010000000001010010000110000010100000100000101111000000001001110000000000000000000
000000000001000111000110001110000110010000100000010000000100100100000000000010000000000000111000000
000000000000001000000101100100000001001100101011001000000000111000000000001000001110110000010000000
000000000001000010000000000001001010000000100000000000011001000100000001000011011000100011000100100
000000000000001110010011000000000000010000000000000000100010000000100110000000001000000011000101100
000000000000011000000000000110010011101010001000000101000000000001001000001001000100001001100001000
000000000000000010000001000010000000000000011100010000111000100000001001100010110000000010000001010
000000000001000000010000010000010000001000001101010110010100010010000010000100000000011111000000000
000000000000100000100000000000100000000010000000000110000101000110000011000010110000000001000000100
000000000000000100100100000000000110000101000101010001101000000001010100000010000001001000100010000
000000000001001100001001000110100000001001000001000010000000010000000000010000001000000101001111000
000000000001111100100101010110000110000000000000000010000000001000010000000000000001000000000000010
000000000000001000100000000011000001000000000001001010001000000000000100000000001100000000010000000
000000000000000000101100000000000000010001100000000000000000000001010000000001000000000100001000010
000000000000000100000000100000100001000000000001010010000000001101001001010110000000001000001000000
000000000000000010010100000000010000001001110000000000100000100100010100000000010000000010000000000
000000000000001100100010001000000000000000001000010010000000000100000000000010000100000010000100000
000000000000001100101001000000111101010100100100000101000000100000000001110110000010011000000001000
000000000000001001000000100100001000110001000000000011000010000001001001000000000100000000000110100
000000000000000000001010000010100000010000000000010001000000000000000000000100010000010001000000000
000000000000000000000001000100000010011100001001000001000000000000000001001000000000000000001000000
000000000010000000000110001100000010000000000001000100000100000010000001000100000001100000000100110
000000000000001000000100110010001010101010100100010011000000000100111110001010000000001000010101010
000000000000001000000000100000000110000000000000010000010000010110000000000000011000010000110010000
000000000010000100000011000000010001000010001000001000001001010101000000010000000000000010000000000
000000000010000010000100011000000001011110010001000100010000010000000000000100001101000000001000000
000000000001000000000010001011000001000100000000100001101100011000000010010001000000010101000000000
000000000000000011000010000011101001000000000001010111000000010000000000000010000001100010000011000
000000000001000010000000010000110000010000000000010110001000000000000000101000001110000000000100000
000000000001001000000100100100110001000000010001000000011010000110010001000101000000000100000101000
000000000000110010001100000000010100000010000000010000001000000100000100000000010000000000010010000
000000000001100100000101000000000000001010000000001001100100110100010010000000000000001100001010010
000000000000000001001100001000000001010000000000100000100000100001011001010000010000001000000110000
000000000010000001000001000100000110001000100000110000000000000010100100001000010001000000010100000
000000000001000101000011010100000001000010000000000001000100001000000000101000000001000000000010010
000000000001000100000000100000000000000000011000000000000000000000000000010000101000000010110000000
000000000000100010100000001000001000010100000000000100011000100100110010011010000000000010000001000
000000000000000000000010100100100000000000001000000010010100000000000000000000110001100100001000000
000000000000100000011000000000100001001100010001000101000011000000000000000000000000000010001001110
000000000010101110000000011000001000000101001000000100100111100010100010000000000010000000001000110
000000000000000000000001000000001000100000001010000101001001001101000010000000000000001000000010000
000000000000000001000000110010000000000100100010000000000001000110010100010001010101000101101000000
000000000001100000000101000000000000000000000000110000000000000110010000000000001001010000000000110
000000000000000000000000000010001000010000000000000000000001000100110101000000011010000010000000110
000000000000000000110000000010000011000100000000001011011010010010000000000100010000001000010000000
000000000000000000000000000000001100000000000000100000000001000100100010100000010000000000000011100
000000000001010000010010000000000000100000000001000000000000001000000000100101100000000000110000110
000000000000000000100000001000000100100000101000100000000111001110010000000000100000010000000000010
000000000000001000001000001000001001000000110010101101000000001100000000110000000000000010001000000
000000000000010011100001011000100000000000000001000000100000010001100001000000000000010001000000010
000000000010010100000000100101010000000010100000000000010000000000100001110001000011001000011000000
000000000000010000010010010000000100100000100000010000000000100000100001000000010001100000001000010
000000000000011000100000000010011000001000000011000001100000000000000000000010000011100100000000000
000000000001001000101000000001001101000000010100000000000000101000010001011000000000000100000000010
000000000000001000000000010000111000011100000000000000000000000000000100001000000000001100001001000
000000000000110000001010000011000000000000101100010000000000100001101010000000010000100010000000000
000000000000001000000001001000000000000001101010000000000000100000000110100011001000010100100000000
000000000000000001000010001010000010000010010001000000011100100000000000010010100000000100000001000
000000000010100000100010010000000110011010000010000000001010110010000000000010001000010000001000000
000000000000000101011000000000001000000000000100110010001100010010101000000000001000011001001000000
000000000000000000000000001000100010000000110000000000000011001000000000000010001000000001000010000
000000000001001000100000000000000000000000010000000000000000000000011000010100110101000000000001100
000000000000100010000000011001000111110100000101000011000000100000010000011110010000000010000100000
000000000000100101000000000000000100010010010010000000011000110000001010100100010100100011100000000
000000000000000000000000100001100000010010000101000010000010011000000010010000000010001100000000000
000000000000000000010001101001000000010000000000010101000011010000010000000010100100000001000010000
000000000001000010101000000010000000000010001000011001000010000001000000010100100100011000010000000
000000000000100010000000000000000001000010000001000100001000011000110000000110100000110000000000100
000000000000000000001000000000000000000000000100000000010000000000000100010000101000000000000000000
000000000000000100000000000001000000010010111000100010100000001001011001001010101101100110000010100
000000000010100000000000000000001000000001000010101000000100000010000000000101001000000000000000000
000000000000000000001000000011000011100001000000000000100100000000000100010000000100000001000001000
000000000010010000010000000010000000000000000000001100001000010000000010000000000000100001010101100
000000000000010000000010000001000000000100000101010011001100000110100010100100100001000001000000010
000000000000000000101001000001000000001001000100010010000001100100000000010010010010001000100000000
000000000011000001000001011110001100000001000100000000000100100001000000000001001100100010000000000
000000000010000000100000000001100000000001000000000000000000000001000000001100000000010101000110000
000000000001000000101000000001000000000011000000100000000000110010000000000000010000000000000000000
000000000010100101001101010010100000000011000000100011001100100000000100001000000000000000000000000
000000000000000000000000000000000000000000000000000000000000000000000000000000000000000000000000000
0 0
98 98