99 99
000000000000000000000000000000000000000000000000000000000000000000000000000000000000000000000000000
000000000000000000000000000000000000000000000000000000000000000000000000000000000000000000000000000
000000000000000000000000000000000000000000000000000000000000000000000000000000000000000000000000000
000000000000000000000000000000000000000000000000000000000000000000000000000000000000000000000000000
000000000000000000000000000000000000000000000000000000000000000000000000000000000000000000000000000
000000000000000000000000000000000000000000000000000000000000000000000000000000000000000000000000000
000000000000000000000000000000000000000000000000000000000000000000000000000000000000000000000000000
000000000000000000000000000000000000000000000000000000000000000000000000000000000000000000000000000
000000000000000000000000000000000000000000000000000000000000000000000000000000000000000000000000000
000000000000000000000000000000000000000000000000000000000000000000000000000000000000000000000000000
000000000010010010000100000000000000010001000100000100100000000000010001001001000110000011011100010
000000000000010100111111000100001100000001000000000010011100110010001110000001000000000001010000010
000000000000000011000000000011010000010110000001000000010000000101000000001000000000000000110100000
000000000000000000001000000000011000000000100000000000000001010001010000000000000100000000001010000
000000000010011000010001000000100110001010000001000000000010001110000000001110011000001010101100110
000000000000000010000100000010000100000001000000000000100010000000000000100100001010000000101000100
000000000000010000000100000000000010111100000001000000000000000010100011000000001010000010000000000
000000000010000000010000000001100000100000000010001000000000100001010000000111000000001000100000000
000000000000101010000000100001011100010100110100001100000010001001000010100000000101010000001100010
000000000000010100100000011010101010010000000111001000001001000000000100000000001000010000001100100
000000000000100000100000000000010000100000100010000001010000000000000011100001110000001001000001000
000000000011001010000100000011110010010000000000000101001000000000000000010000001000110000010010000
000000000000100001001010001010000000000000000100010000000000010100000100100000000010000000000000000
000000000001000010100000000011100000101001010000000000000100001010000000000010010000000000000001000
000000000010000000010100000000000000001000100000001000011100010000110000000001000101000000000011000
000000000000000001000010000000100100000000110000000001010010000000100000000000000101000011000000000
000000000000100100000010000000000100100000000000000000100000000010010110000100101110010010010111000
000000000001000000000010001000000000000100000000010100000110010001000000000001010010001000010000110
000000000000110001101000000000000100001000001000000000010101100000000000100100110000000010000000000
000000000000000000000000010000000100011100000000000010001100100001100101000100000110000000001000000
000000000000000000010001000000000000000110000010000000010000000100000000000101000000011000000010000
000000000001000110100000100000001001000000001001100000000000011010001100101010000101000001010010100
000000000000000010000000100000000001001000111100100001001011000001000000000000100100000000101000000
000000000000000001001000100000100001100100000000101001000000001010000000001001001100000000001000010
000000000010100000000010010011000010000010100001000001000000100000000011010100110100111000100001010
000000000010000110001000000011011000011100000011010000000100100011000000001100000111000000000101100
000000000000101000001000001110000000000001000000000000011000000010000000001001011010000010000001000
000000000000000100001000101010000000000000100000001000000000100000110000100000000000010000010010000
000000000000000000000111001000010000110000000000001000100010010010000000000000000000001001000000100
000000000001000001000100100110001000000000000000000010101001000011000001000110000000001100000000000
000000000010000100000100000000010000000110000000000000000010100001010000000001000001010010000000010
000000000001100001000100000000100000010000000000000000101000100010010010000000000001100000010001000
000000000001000000010000000001001000000010100000000000000000000101000010000000000000000100100100000
000000000000100000001100000001000000000100001100000010001000100010000000010100011000000100001000100
000000000000000000100000000001100001001000000000000010100001000000100000000000000010010010001000010
000000000010000000010001100000000000011001100001000110000001000000000000100000001000010010000010010
000000000011100000010010000000010000000000000010001001010010000011010001001010000010000100000000000
000000000010010001100000010000000000010000101000000000000000000000010100000000000000000000000011100
000000000000000001000011010000101100000000010000000000000000011001000100010000000010010000000010000
000000000000101000000100000100100000100100100101000010100000001000000010000000000110000000100100000
000000000000000000000101110010000000000100001000000000100000000100000110001000000100000000000000000
000000000000000000100100001000000000000010100000110001110000000000001011010010000011010000001001100
000000000011101010001000100100000000000011000100100010000001000000101000010010010100000000100000000
000000000000001001000000000000000001000000001001000101100000100011010000010000001111000000000000000
000000000000000010000010010100001000100000101000000100000001000000101000110000100010010101000011000
000000000011000000000000000100000000010100000000100011000000100010011010000000010000101100010000000
000000000001000010010001101001000000010000000000000000000000001000000000000000000000000000001000000
000000000001010000001100100001000011010001000110000010011000100000000100000000101100100000110000000
000000000010001100000000000010100010001000000011001001001000000100000000000000000001011000100001000
000000000001000000001100000000000000000000011001000000110000000100010000100000000010110000011010010
000000000010000001000000101010000000000010010101000010000100010000100000100111100010000010000000100
000000000001000010000001000010010010000000001000010010001000010001000100010000100010100000010000100
000000000000000000110000000111100100011000000001000000000001000010000000001001000000000001010000000
000000000000001001010010100000000010001000000001000000000100101011001001000001000000000000011001000
000000000000010001001000001000100000100100000000010110000001001000001000100001101000100001001010000
000000000000000000000000100100000001000010001100000011000000011010000010100100000000011101000000000
000000000001110000001010000000010000001000110100000000000000010000000110000010100110100101010000100
000000000000000011001000000000000110011000101110001000100000010001100000000100000010000000001001010
000000000000010101000000000000000111000100011101100110010000000000100000000000000010000011000100000
000000000001000000010000000000000000010000100001010010100000100000000000000100000000000001100001100
000000000010101100000010101000001001000100000010000000100011000001001010100011010011000100001000000
000000000000000101110000000000000011010000110110110010000101010100010000010010010110000000100000000
000000000000100100000010100010010011000000000100010000000001000000010000000010000000001100010000000
000000000000000010000000010000000010000110001101010001100001000110001001000010000000000000010001100
000000000000000000000100000010001101000000000000001000100000000001001101001110100000000000000001000
000000000010000100000010000101110000100000011000000101000000000001000000010101000000000000010001000
000000000000001000000000001000000000000000000110000000000100110000001101100000100000010000000000000
000000000001001000100000000001010011010000000110000011010000000001010100000010000100000011010001000
000000000010101100100000000101000000001001000011000000010000010001100010100000000100000000000000000
000000000000000001010001000001000100011010000001000100000000001001000101000001000101000010001100000
000000000010000001000000001000111000000100001010000000000100110000000000010010100010000000000000100
000000000010001011000010101000001001100010000000010011001000000010110001000011000000000010000000000
000000000000100001010000000000001000100000010001000010000001000010100000010000000000010000000010000
000000000000000100001000100011010000000000000100010000000000010000010100000000000000001000110000000
000000000000000010000001000010001000000010000010000010010000011001000001101101000001000000101010000
000000000011000000000001100100000001001000000110000000000000101000000100001000000000000000000000000
000000000000001000100000010000000000000100000001000000101000000010100000000010000110000000010000110
000000000000000100001000100000001111000100010010011100100010011010011100000000010000100000001000000
000000000000100100010010000000100000000110000001000010011000100100000001001100000000000001000101000
000000000001000100110001000010011010010001001001000010000000100000000100000000100000000000000000010
000000000000101000110000000001010111000100001100000110000000100100001100100000000000100010010000000
000000000001010100001000000000000000100100110100000000100000000000010000000100011101000000000010000
000000000011000000001000001000010110000010001000000000000000101000000010000011001101000000000000000
000000000011011000110000101000001100001001000000001101000000010000100001010011000000010010100100000
000000000000000000000000010000100000000000000010100000010100000000100010110100000000000010000000010
000000000000001101100000010000000100000110000010100000011100001000000000100000000000011000000101000
000000000000100100001010010010001000000010100100100000000000100110000010000100000001000000000010000
000000000001000010000010000010000010010000000000100001001010000001001000000010000001000010010101100
000000000000000000000000000000000000000000000000000000000000000000000000000000000000000000000000000
0 0
98 98