99 99
000000000000000000000000000000000000000000000000000000000000000000000000000000000000000000000000000
000000000000000000000000000000000000000000000000000000000000000000000000000000000000000000000000000
000000000000000000000000000000000000000000000000000000000000000000000000000000000000000000000000000
000000000000000000000000000000000000000000000000000000000000000000000000000000000000000000000000000
000000000000000000000000000000000000000000000000000000000000000000000000000000000000000000000000000
000000000000000000000000000000000000000000000000000000000000000000000000000000000000000000000000000
000000000000000000000000000000000000000000000000000000000000000000000000000000000000000000000000000
000000000000000000000000000000000000000000000000000000000000000000000000000000000000000000000000000
000000000000000000000000000000000000000000000000000000000000000000000000000000000000000000000000000
000000000000000000000000000000000000000000000000000000000000000000000000000000000000000000000000000
000000000000000010011000110000000000010000100000000010001100000011001000000000101110000010000011000
000000000000000111000000000000010100001001110010000100000110000000100011010001010000100101000000000
000000000010000111011000001000000001001000000000000001100000000001011000011000011000100000000010000
000000000000100011010001000000000011000001000010110000100010100000000011100001000000000001000000000
000000000000000000000000000000000001000001000000000000100100000100101010100100010000100000000001000
000000000000000101000010000000000000000000000000001011010100001000000110001000001100001001000000000
000000000000001100000000001011100100000010000101011000100000110000000000000000001000100000001000000
000000000001010100110000101000000100000000000000001100000100110000110000101010101000000001000000000
000000000000001000010000000001100000000000110000010010000000101000000000000000000001011011010000000
000000000000000000000000010000000000000000000001000000100000100000001110011000000000000000000100000
000000000011101110100010000000001011000000010001000101100110000000000110001000101001000111100000010
000000000000000010000101010110011000001000000000110000000100000000000001100000101000000000000000000
000000000000011000100000000001010001010000000010101000101001001000000000101000001000000000000101000
000000000000110101110100000000000000000110100011000001001000100011000000010000100000010000000000010
000000000000001001000000100010000001010001010000100000100000000000100000010000100000000010001000110
000000000000001000000110000101100000010000001011000001100101100010001000101000000000111110010000000
000000000000010100011000000000101000100010000100100101001001000011001000110000010000001010000000000
000000000000011001101101000000000000000000001101000100100000000000000101000000011000001000101000000
000000000000010010100000000110000000000000000100000101000100010010000001000000000000010011000110010
000000000000000100010000100100000011000000000000000000110010000010000001000000000010000010100010010
000000000001001100100000000000100110000001100000000000101100000000101000010100000100100100010000010
000000000001000000001000000110000000100000110000000001000000011011000110011000000001000000001000100
000000000001000000001000000010100000001101000000001100100000010000100000000000010100100000000100000
000000000000010100011000101100100000000001000000000000011001101100100001100000000110001000000000000
000000000000011000000111110000001010000000010101000010101100011101100000100000000000000100011100100
000000000001100000000011001000000110001000000000101000000000000010000000000100100001000000000110010
000000000001010000110011001010001000101101011010010100010000010000000100000000000000000000001110000
000000000000000000000100100100100100000000000000000001010000000000000000010001010001000000000000110
000000000010100001001000000000000100100010100010011001000100101011000100000100000010001000001000000
000000000000100000000000000000000001000000011010100000000000000000001100111101001010111000001010100
000000000000100010000000000000010001000000000000010000011000000000100000010010010100001000010000010
000000000000000000001000000100000000000011100000000000000000000010000000000010101110100001000000010
000000000010001100000000010110101000000100000010001001011000001010000000000000000010000100100000000
000000000000000000100100100000101000010000001000000010001000011001000101001011000010000000000010000
000000000010100001000000001000011100010000100000010000001000000100000000110000010000100000000000000
000000000001000010000001000000100000000000000001000010001000000101100011000010000100000000000000000
000000000000001000000000000001010010001000000101110000000000001010000100000000001000000000000000000
000000000000000000000100100000001000000000000000000001010000000001000000000000000100000100110001000
000000000000100000000000001010100000010000000000000100100000000011000001000100000100000000000100010
000000000000000000101100010001000000000100000000001100010010000001000110000000000010100000100000000
000000000000000000000000000000001000000000000001000000000000000000000100000001110101001000110000110
000000000000001000010110000000000001010100001000000000100100010000000001010010000010000010000000000
000000000010000100110000010000101110010000000000000000101010000000100000000100000000000000100000000
000000000001000110001000001000000100100000000000000110000001000010010000000100100100000000000000000
000000000010110000100001100000000101100000000000000000010001001010000001000010010000000110100001110
000000000000001000000010100000000000000100100010100000000000000101000000000100000000001110000000000
000000000000000000000010100000000101010001000000110001101000000000001000101000001001010001100000010
000000000010000001000010000100100000111000000000000000000100000110000000000010000000000100000000110
000000000010000001000001000100000001001010110001000000000000010010000000100000100100010010000000000
000000000000010100100000000010010100000100100000000010101001100000000000010000101100000100000010000
000000000000100000001000000001000100100000000000010010001001010000010100100001000110000100000000100
000000000000000100010000000000001000010101001001010010000000110001000000000101000000010100011000000
000000000000000000101010011000000000000100100001000001000001100001100000010000010001010100000000010
000000000000000101000000100000101000011101000001000001001000100010100000000000000000100001000000100
000000000000000010100000000001110110101100000000000100010000001001000100100100000000000000000010000
000000000000000000001001010000000000100010000110100001000000101110110011001000000000000001000000000
000000000000010000110101101001001100001000000110110000000001000100011000000010000001000000101101000
000000000000100000000000100001110000000000001010100010000010010000000000100010000000000110001000000
000000000000001000101100001000000100011101010000000000001000000000010100001001000000000000110011000
000000000001000000100000000000100000110001000000000001000000100000000001011000100000000000100000000
000000000000100000001001000000000000001100001000010001000110000000100000000100100011000000001000000
000000000000000001010000000000100000000000000101000010010000000000000010001000110101001000100010000
000000000000000010000000001010000010000000000001000000100000000000001001000000000000001010100000000
000000000000000000010001000001001110100110001100000100000000000000000100100100000000010010000000000
000000000010001100000000010010001000000000000000000001001100100011100000100000001000000100011100000
000000000001000000000000100100000101100001000000011000100101010000000010111000100100000001010100000
000000000010111111000001000000101000100111000001010001000100001000100000000001000000110000001001100
000000000000100001101000000100000000000010001110000010000000000110110010100001010001001110100010000
000000000000001000100000000000010000011010011000000001000000000000001000000000000000000000011100000
000000000010000001100010000110101000000000001001000000001000010000001000000000100000000100000000000
000000000000000100101001001001000000010100000000010000100001000100100000100000000000000001000011000
000000000000000001000011000110000010000000011000001000110010000001100000010001000000010000100000000
000000000000000101000000000000000000100000000000000010001000000100000110000000010010000010001000010
000000000000000000000000000000000011000000100100000100100000100100000000001000100101111000000000100
000000000000111000000000001000100000000000000000000000101110001011000010000001000010000000000011110
000000000000000001001100000000100000000010000100000000001000101000010100100101000001000011010000000
000000000000001000000000010000000000000000001100000010000010010000000100000001100000100000001100000
000000000000100000000010000000010000011001000000100101000100000100000001000000000001001000000000000
000000000001000000000100110010000010000100000010000000000000000000000001000000000000001000000000000
000000000000001010101000000010000001001001000000000100101001001000001000000100010000010010000000000
000000000000000000001011000000000000110100001000001011000100010011000001001000000000000000100000000
000000000000100100000000101000010000100000000100000000011010000100010000000100000101000000000000000
000000000000100000100000001000000000010000001010000100000000000001100010000000000000000010110000000
000000000000100001011000001010100000100100000100010000000000000000010011001010000100000010000011100
000000000010100001101000011000100000100000010001100000000010100000001000101000000000100100100100000
000000000000000000000100010011101000101000100000100000000001100000000000110000000000100010100010000
000000000000000010000000000000010000000000001100011000000001000001110101001010000000000010000010000
000000000000000100000000001000010000000000000000000101000000110010000001000010100000100000000000000
000000000000000000000000000000000000000000000000000000000000000000000000000000000000000000000000000
0 0
98 98