99 99
000000000000000000000000000000000000000000000000000000000000000000000000000000000000000000000000000
000000000000000000000000000000000000000000000000000000000000000000000000000000000000000000000000000
000000000000000000000000000000000000000000000000000000000000000000000000000000000000000000000000000
000000000000000000000000000000000000000000000000000000000000000000000000000000000000000000000000000
000000000000000000000000000000000000000000000000000000000000000000000000000000000000000000000000000
000000000000000000000000000000000000000000000000000000000000000000000000000000000000000000000000000
000000000000000000000000000000000000000000000000000000000000000000000000000000000000000000000000000
000000000000000000000000000000000000000000000000000000000000000000000000000000000000000000000000000
000000000000000000000000000000000000000000000000000000000000000000000000000000000000000000000000000
000000000000000000000000000000000000000000000000000000000000000000000000000000000000000000000000000
000000000001100001011001111011000000010000010010000000000010101000010000000100000010000000000001000
000000000000000000000000101000000110001000100000000000000000100100000100000010010001010000000000000
000000000000110110010010000000001000100000000001010100000000000001001001000001001010000010100100000
000000000001000000000100000001000100000000000000000010000000010000100010100100100011101001101001100
000000000000001100000000000000000101100000100000000011000000000000000100000000100100010000010001000
000000000001101000000110000000100000010010000100000011000000000000010000000000000000010100000001110
000000000000001000000000000001001000010100100000000100010100001100010010001000001000010000000000000
000000000001000010001001100000100000000100000010000100000100000000000100111000100000001111001100110
000000000000100000010000000000100001000000000000001100100010000000110001010010100100001000000000010
000000000000000010111101000100001100000010000000000000000000100001100000001000000000000100001001110
000000000000000100000110010000000001001000100010100010000010000000010001000000001000000001101000000
000000000000011001101010011100000001000100000000001000100000001000000010010100000000000000000000010
000000000001001010000100000000000001001010110000000100010001000000010000001000100011000100101000010
000000000000011000010000000000010010100100100010000100000001100101000000100100100000000000100000010
000000000000000010000000000100000100010000000100000000000000000100000000010000110111010011011000000
000000000000000000000000000000000001001100001000010101000001010000100000001000000001000001001000000
000000000000100000000110101100000000010000011100101100000000000001011000011110001000000010111001000
000000000000110000000000001000000010101010000000000000101000010010001000000100000100000000001100000
000000000000100000001001000001110001000000000000011000010001010101010010000001110011001100100100000
000000000000000001000000000000100010000000000001100001000001000000000000000000000000000011001011100
000000000000000100000001000000000100001100000000000100100001000000011000000000000000000001000000000
000000000001000100000000100010010101000100000011000000011001100000000001000010000000000000100001000
000000000000000011000000000011000010000010000000001000000000000000001000110001100011000010111000000
000000000000000000000000011000000010000000010000000101010010101010100110000101001001000001100000000
000000000000110100001000000000101101011000101000000010001110000100001000000100000000100101110000000
000000000010010011001100000000000010000000000100000000100001011000010000100100000000011101000100010
000000000000000000000001000000010100000000001100000000000000000000010101000000001100101100000001000
000000000001001000000000001000000000000110000000000000100001100101000011000000000000000100010001000
000000000001001000010000100001001101010001010000000000000110100001100100000100000100100100010000000
000000000010000101010100100000101100001101001000000000001000000001000000000010000010101011000100100
000000000000000100000000000000000001000000010000000000001001001000001010100001110000101000000000100
000000000010000000110010011100000001010110000000001000011000000000000010010000100000000000001010000
000000000010100000100001101001000000000100000000000000000000000010000000000000000010000000000000000
000000000000010100001110110000000001001000000001100010000000100000010000010010100010000000000011000
000000000010001000010000010000000010101000100000000000000000000001010001101010000100010000011000000
000000000000000110000100100100010100010100001000100001000000001100010001000010010100000000000000000
000000000000101100000000000000010000000001000000000100000001000000011101000010000000000001100010010
000000000001000110000000000010001101000000101000000000100000000001000001000000000000010010010010000
000000000001001000001000000100100000000010000010000000100011011100010011000001011000000010000100000
000000000000001001000000000000000000000010001001100000000100000000001010101000000001001100000000100
000000000010001000001000000000100001000000000000000000000010011000001001010100100010000000100100000
000000000000010000010000010000000000001100000000100000110000001100001110010001100000010000000000000
000000000000001000000000010001101001000000000000010011000000010000010000100000000000000000011000000
000000000000000010010010000010000000000000100000000010000011000000010000101100011000101001000000000
000000000010000000001010001001010001001011001000000000000100000010000110001010000000000000000001000
000000000010010000000000000000000000001011001001000000000010000000000000100000011000100010000110000
000000000001000100000000000000000100011001000100100010001001000100010000100000001010000001000000010
000000000010100010000000000010000000010001000011001000010000100010100000100010110001000000011000100
000000000000000001000000000001000100000101000000000000010000001100001000010100010000000000000000100
000000000000010000101000000010100000000111000100101010000000010000101000011000001110010000000000000
000000000000000100001100000001111111000000010010000000000000000010000000000111000000000100000000100
000000000000000000000001000000000000000101100000000000100100100001100101001000000001000100100000000
000000000000010010010000000000000000000000000000000100000110000000010110100000000001000000000101000
000000000000001111100000000000000000100000011010000000001100000001100000101000000000001100000000110
000000000011100000000010000010010000000001001100000010100000000011000000000001000111000000101000000
000000000000001000000000010000000001000000000001100000010100000000000001010110000000000010100001000
000000000000000000111010100000000000000000000001101010000011000011100000000000000011000011000000010
000000000000000000010000000000001000000000001010000100000000000000001000000010001000010000000000100
000000000010001000100000000101000000111000001000000001000001100001010000000011000000001010000001010
000000000001011010100000000001000000100010001000101100100111001000110010011000000000110000000000000
000000000000100000010010000000100000000100001001000010010010001011000001000000000000010010011010010
000000000001000000100110000011000000010000100001100110100001000000100000000100100000000000001010000
000000000010001001010000110100000001000000000000000000000010010000000010000001000010100000000110000
000000000000110101000001000011100000001110010000000100000000001000000000100000100100000000000000000
000000000010100000000011000010001101000000000000000010001000000000001000000000100001000000000000100
000000000000010100000000100011001110000001000000010000000000000000010001100000001000000010000001000
000000000000000100000000001000000000000000000011000000110000000000010000000000001101100000001100110
000000000001100000000000000101000001000000000000000011000001000111000000000000011011110101000000100
000000000000010000001010000000101000000000000010000000010100000000000001101100001000000100100000010
000000000000011000001100001010101001100010000000100010101000100100000010000001100110000001010000000
000000000010000000000000100000000000100000010000110010010000001000000001010010010001000001001000000
000000000000001100001000110000001000000100000010000001110110000000000000001000001000000000000000110
000000000010011100000000000000000010110000101000100000000001000000100110000000110000000110000000000
000000000000000000000010000000000000100000100001000000010001001100000000001010010010000000111100000
000000000000000001011000100010000000001000100010001100100010001000000000100000001000110001001000000
000000000000010110100010000001000010101000010010000000100100100000000000000100000000001001000000110
000000000000000000000000001000000001001001000000000000000100000000001000000100000100100000100000000
000000000000010000000100100000110000000001100000001010000000100001000000000011100000010001000000100
000000000010010000000000000100110010100000000000010000000000000000000000100000010001110001010010100
000000000000000000000000000000000000000110100000110111100010000110010100000000000000000000000100000
000000000010100000010000010000000001101000010000000000011000000000000011000000000000000000010110000
000000000001010000000010010011010100100000000000010010001110000011000010000100001001001000010000000
000000000000100000110000011000000100000100101000000000100000101110100010000010000000000010000100000
000000000000000100111110001100000000101000000001000000000000000000000000001000000001010000000000000
000000000000101101000000101010000010110000010000010000000001100000101001000000000100010001000011000
000000000000000110001000000000001000000010010000100100000101000000000000100000010010100000000000000
000000000000000001000100000000000100010000000000000001001100000011000000000000000100000000000001000
000000000000000000000010111000010001001001000000001000000100000010100100000010100000010000001000000
000000000000000000000000000000000000000000000000000000000000000000000000000000000000000000000000000
0 0
98 98