99 99
000000000000000000000000000000000000000000000000000000000000000000000000000000000000000000000000000
000000000000000000000000000000000000000000000000000000000000000000000000000000000000000000000000000
000000000000000000000000000000000000000000000000000000000000000000000000000000000000000000000000000
000000000000000000000000000000000000000000000000000000000000000000000000000000000000000000000000000
000000000000000000000000000000000000000000000000000000000000000000000000000000000000000000000000000
000000000000000000000000000000000000000000000000000000000000000000000000000000000000000000000000000
000000000000000000000000000000000000000000000000000000000000000000000000000000000000000000000000000
000000000000000000000000000000000000000000000000000000000000000000000000000000000000000000000000000
000000000000000000000000000000000000000000000000000000000000000000000000000000000000000000000000000
000000000000000000000000000000000000000000000000000000000000000000000000000000000000000000000000000
000000000000000000000000101000000100000001000000000100010001000000000000100100000000010000000000000
000000000000000000100001100000000100000100010010001110000101000000001000100000000010000001100100100
000000000010000000000000010000000000100000100100000000000001001000000010000000000000000000000001000
000000000001010000100000001010100000000001000000111010011000000000101010000000000001000001001000000
000000000001000101001000001001000000000100100010011010011010011000001000000010000000000000000100100
000000000000000101001100101001001101000111001001000000100100100010000000011000001000000000110010110
000000000000000000000111001000010010000100000100000100000010100000000000011000001001100000010000000
000000000000100101000000000000000000000001001000000100000010010000000101100001000100010000000010000
000000000000111000000000001000000000001100000111101100001010000000100001000001010000001000110010000
000000000000000000001001001000000000000100000001000000001000001010001001001000100000011100001000010
000000000010000000000000100000100000000000100000001001001000010000000000000010001000000101000101000
000000000000001000000000101000000000111010010001001100001001001000011000010000000000100100000000000
000000000001000000000000100000000100000000000100100000100000000110000010100000000001000001000000000
000000000000001000100000000100000000000000001000000001000100001011000101001000000000010011101100000
000000000000010010000001100000000100001101000000100000001010100101000010011000100000000001000000000
000000000000000100001011001000000000100010000110101110000110100000011000000001010000110000010000000
000000000011000101010001000000000001010110000000010001001000000000000011000001000000000000100000000
000000000000000000000001001000010100101000011000000010111000000000000011010010000000000000000000000
000000000001000000000000000010000110001110110000000010100000001000000000001110011100000001010010100
000000000001100000001100001010000010001000000110001010000000101010001000000011000100010000000001000
000000000000000000001000000000000010000000000010110000101000000000100000100000001000000000011000000
000000000000000010100100001101010101101000000000110000000010011000000110000010010000100010101011000
000000000000010100100000000001010000000110000000001110000000001100000000000000000010000100000000000
000000000000001000000000000000000100000100000000000100000100100000000000000000000001000001000100010
000000000000000111011100101100010000000010000000010010011000000000100100001001000010000000000001000
000000000000100001101000000011010000001100000000000100000000000001000000001001100000000000011110000
000000000010000000000000000000000000000000000000000001000010100000000000000000111000000000000110000
000000000001100000000000000100000010100010000000010010100000000000010000010001100010001000000000000
000000000000000000010010100000000100000000000010001001000000000100000000100000010000010101100000000
000000000000000011000100101000001000011010100000100000000000010001010001001000000100101000000010000
000000000010000000000000000000001000000000010000010000000001000001000000100000101010000010000001100
000000000000000100000011010001000100010000000000010110000010000010000001000100101011000000001010000
000000000001010001110000000000000001010000001100100000000000000000001010000000000100100111000001010
000000000000010010000100000000010000000010100000000011100000001000010001000000001000000001101010000
000000000000000000101000000100010000000000101000110000100100001001100000000001000010001000001000000
000000000000010000000000000110000000000000000000000100010011100000000101001000000000100000000000000
000000000010010000000010000000000000110100000000000001000011000000000000000001101000000000000000000
000000000001000100000110000000000100000000100010001010100100000001001100000110000011000010010000100
000000000000001000100001000001000001000000011010001000110000000001000000100011010000000000011100000
000000000010001010000011000000100001000000000000000010000000010001000000000011010010100000001000010
000000000000010101000000001100000000000000100010001000000100000000010100011000000000010000100100100
000000000000000001100000100000000010110000000001000000100000010101000100110000000000001100100011100
000000000001000000010010000000001001000100000101100000001101000001010000110000100010001010111000000
000000000001110000000000010100100100000001001000000100000001010110011100000000000000001111001000010
000000000000100000010001000100000000100000000101000000000000010000100000000110001000000000010101000
000000000000000000100101100000000000111010010001000000010100000000001000010001100000000000111000100
000000000000100000110000001100100000000000010000000000000110000000000000000000000000001010001000000
000000000000011001000001001010000000100000000000010010000100001100000000100000000001000010110000100
000000000000000000000000010000001000000000000001000010000000010000111010100000101000000100000001000
000000000010000010000000000000000100010000000100000000000001100010100001000000100101010000010010000
000000000010000011011110000001100000000000100001001100000000001000001000001000000000000100100010000
000000000000000000000000111100000000000010010000000000001000011000000010000000000000100000000000000
000000000010100000000100000010011010000001001000000000100100011000000010010000000001100000111000000
000000000010000000010010000000010000111000001001000000010000101010000000000000000001000000000100000
000000000000000000010011000010010100001000000000000100000000011000010100001001000111000000000010000
000000000010000000001000100010100000001000000000000000000000000000100000001000100000000000000100100
000000000001000001000001000000100100001000000000000000000010000100010000000000000000011010010001110
000000000000010001101000001000000001100000010001000010000001000000001010100000000100000000000001000
000000000000000000011100100100100010000000000000001111001000010000101000000001010010000000010001000
000000000000100101000001000010001100000001000000010100000100001010000000000000000001000000010100100
000000000001100000100000110000000000100010001000000000000000000000000100010100010011101000001110010
000000000010010000000000011110100000000000100100000000001100100100100000101001000100001000110000000
000000000001100000000001010010010100000000000100000001000000100010000000000000101000000100001000000
000000000000000000000011001000001100000001000010000000000000000100010001000000010100001100000101000
000000000000100100011000110000000000100000010001000010000000011000000001000001100010000010100000010
000000000000100001010001100000001010010000000100001000000000000100011100000011001010001100000100000
000000000000100000000000110010000000010000100010000010000000000001000100000001011000000011010001000
000000000001000000000010000110000100001000011010000110110100101000001001000000000000010000001001000
000000000000000100000000100100100100000000010011001000111000001000110000000000010010010000000010000
000000000010010110111100001101001000111000000000011000000000100110010101000000000000010000000100000
000000000000001000000010100000000001000100001000000010100011001000001000000110011001001000001010000
000000000000010000100110000101000000000101000011010101000010000001000000000001001000100010001000000
000000000010001000000000010000000010000000010000001110010000000000000000001100000000000000010001010
000000000001000100000000010000001100010000000011100010000001101001011100100000010000011000000101010
000000000000000010000000010010001111010000000010000000001000011000000001000000011000000000000101000
000000000000000000010000000001000010000000010110001010000000001000100000001000000000000100000000000
000000000000000000000010100000010010000000000010010000100000001000001000010000000111000000001000000
000000000000001011000000010101000101000000100111001010000000110110010000100101001001000000001000000
000000000000101000000100110000000101100000100000000000000000000111111001000000010000000100010000000
000000000001000000000001000000000001001000000110000100001000011000010000100000000000000001000000000
000000000000000000000000010101011101001000000000000000010000010000100011000001100010000100001000100
000000000000011000000000000000001100100000000000000000010110001000001000100011000000000101001100000
000000000010000010010001000000001000001000000001001000000000000001000000000100010011001100001000010
000000000000000010110000001001000000001001000000000100001110000000011100000001101001000000100000000
000000000000010000100000000000000010000100101010000000000010001010001000101000000000110010000001000
000000000000010110000000100010000000000000000000000001100000010110001100000000001001000001000001000
000000000000001010000000001000001000000100001001000110110100000000100000000001010000100001001000000
000000000000000010011110000000000000000000010000000010001100100000010000000100000111000001001000110
000000000000000000000000000000000000000000000000000000000000000000000000000000000000000000000000000
0 0
98 98