99 99
000000000000000000000000000000000000000000000000000000000000000000000000000000000000000000000000000
000000000000000000000000000000000000000000000000000000000000000000000000000000000000000000000000000
000000000000000000000000000000000000000000000000000000000000000000000000000000000000000000000000000
000000000000000000000000000000000000000000000000000000000000000000000000000000000000000000000000000
000000000000000000000000000000000000000000000000000000000000000000000000000000000000000000000000000
000000000000000000000000000000000000000000000000000000000000000000000000000000000000000000000000000
000000000000000000000000000000000000000000000000000000000000000000000000000000000000000000000000000
000000000000000000000000000000000000000000000000000000000000000000000000000000000000000000000000000
000000000000000000000000000000000000000000000000000000000000000000000000000000000000000000000000000
000000000000000000000000000000000000000000000000000000000000000000000000000000000000000000000000000
000000000000000001011011000010000000000100000000000001010110100001000010001011001000011000000000000
000000000000010001000001010100010000001100000001010110010001010011000000001000001001000000000001000
000000000000001000100000100000000000010100100000000011010000000110000000000010111010000000000101010
000000000000000000011011110100100000000010010000000000010000000001010001000000010001000101000001000
000000000000010000001010010000000001000000010101010000001100000100100001000000000000000010011000000
000000000010101000001101100100101100010011000000100100001010000010000000000001110010110000100000000
000000000000000000100000010000110000000000000000100000011000000010000000001000010100000000000000000
000000000010000000000000000100010010100000000000000000000000100000000000001001000111000000100000000
000000000001000000000000101000000001000000000000100000101000000001001000000000000011000001010000000
000000000000000000000000000000000000001000000000000000000000110000110100100001000000000010000100100
000000000000000010011100000000000000110001001000100010000101000000011010000001000001100100100000000
000000000000100010000000000000000000000101000101000010000000000001000000000000010000000000000000000
000000000010010010000110000011000000001100000000000100000100000100100000000100000000000001000010000
000000000010100000101100000000100000000000000000010001011010000000100100000000010010000110000000000
000000000000100100001000001001000000100010000000010001100000111010000010000001000101100000100000000
000000000000100100000000000000010010110000000100000000100001100010000000010010010000000000000000000
000000000001001010000000100100001000000010000000001000010000000000001000000000001100000100000000000
000000000000000101010000110001000100100010010000011000000001000010000010010000000000100000110110000
000000000000000100001100101101010000000001001001000000000000010100011000010000000000000000000000100
000000000001001000010000000100001010110000100000100000100010000000000010100010000000000000000010000
000000000000100010100000100000100001000100000000000010000000010000000000000110001000100000011000010
000000000000000000100010100011000000011000000010100000001010000000000100000000100100010100010001000
000000000000000001000100010001000000000100000010000000000000100000000001000000000000000000000000000
000000000000010000010000000000000100010000000000010010000011011001100000011010101100000000000010100
000000000000001010000100000000100000000000010001000000100000010011000000000000000110001000100100100
000000000010010000000000000000110000000000001000010000000110000010000010010001000000000110001000100
000000000010001010000100000000001110001110000000000000110000010010010000000000000010000010000000000
000000000000000010110001000000000010000001100000100000001000001110000000000011010100000000000010000
000000000000001000000001000100000000000000100000000000000010001000001000000000010010000000000000010
000000000000000010010100101000000000000100000000010011000000000000000100000000000000001000000011000
000000000011000001000000001000010000001010100010001000000000010000001000000001000100000100000000100
000000000000100001010111000000000100100000000001000110100000010011000000001010010100000010000111000
000000000000010011011000000001010010001000000001101000000000000100001000000000000001001000101000010
000000000001000000000110000100000101000000100000100000000000000000000000001000000001100011000110100
000000000010010000001001000100000001011001000000000000011000100001000000000101010000001011010000100
000000000001110000000000100000000110001000000000001000100100100000000000000100011010000001000000000
000000000000000010000010000100001000000100000001000100001100000100011000000000100000001000100100000
000000000000000100000110010010000000010001010100010000000100000111000000000010000100001010100000000
000000000010000001010001000100001100000000000110000001000100000000001001010000100000001000000100000
000000000011010010010010000010001101100100001001000000011001000000100000000000000000000000000010110
000000000000010000001000000000000000010000011000000000001010100000101100100000000010010000100001100
000000000010000000100000000101000000000000110000001110101010011101000100110100000010001100000010100
000000000000010000000001000011100010000000010000000000000000100000000100000000010011000001001000000
000000000000101100000100010100000001000001000000000000000000000001000010000000000000010000010000010
000000000000010010000000000100100000100000000001000000001000000101001010000000000000000000101000100
000000000010000000000000000000100010000101000010010011100000000100000000100000000000100100110101000
000000000000100000010000000001001000000110000000000000010000000100000000110010000000010100000100110
000000000010000001000000000101000000000001000001001000001001000001000000000000000000010000000010000
000000000011000000000001000000000001000011101000100000000001000100000000000000001000000000100000000
000000000000011000000100010000000010001100110100010001000000000100000000100000100000000100000000000
000000000000000000000000001010000001000000000010000110001001001100000000000110000101100011110000000
000000000000010010110010011000001000100100011000000000000000110001000010100000100000000001001001000
000000000010000000001001000001100000000000000000010000001010010001000001000100000010000011100000000
000000000001100001001000101010100000010000100000000000000010000000100000000010010100000000100000000
000000000011101110000000111000110100100000000001000010100001110000011011110010000000100100000001010
000000000001010100010011000011000000010001101101010010100100000100110000010000000000000000010000000
000000000000000100000001001000000100000111000000000000100100000000001001000100000010000000100000000
000000000010100101000000100001000000010111000100000100010000010100000100001000010100000010000000100
000000000010101101000100000001101000000010010000000100000000100000001000101001000100001000010110100
000000000001010000000011011110100100000010000010000111010100000100001100010001000010000000000000000
000000000010010100001011000001000000010000011001100000000001000010000000000001001000011000100000100
000000000001000100100000110000000000000010000000001000000000000000000010010000111000001100100010010
000000000000000100001000000010000000010001000001000100000000000100000101000001000000000100000000000
000000000000001001001110001000001000000000010010000001100001100011010000010000000100001000001000000
000000000010000101001001000011000000000110010010000000000000000001100000000000000000000001000001100
000000000000110001000110101010001100000101010100000000001000000101000100011000000000100001001000000
000000000000000101000000000001000000100000000100000001000000100000000000000010100010000010000100000
000000000000011001000000000001010010001000001000001000001010101000000000100001000010100000000000010
000000000001001000010000010000010000010000011001010000010000000001000000010000000010000000000000000
000000000000001010101000001000000000000010110000000000001000001100000000100111101110100000110010000
000000000000110000000010000000000001000000101000001000000000100000101010000010001011011011110001000
000000000000000000000000000000001100001100110000000000000000100000010100100000010000000000010000000
000000000010000000010000001000100010000011000010000000000000000000000100000000010010000000000000000
000000000001000000100010010000000010100001100000001001000010000001010101000100010000000001000000000
000000000000100000000000000000100000010000000010000000000000000010000000000001100010001110010100000
000000000001110100000010000000010010100001000011000010000010101001001010000001101010000001000101000
000000000000000001001110000001000001000000100110000000110000001000010000101010000100100010010100000
000000000000000100001000000100000000000000001000000000101010100000100001000000000010000001000000100
000000000001010000000010110011000000001010100000001000000100000010000000000000000000001101000110100
000000000001000010000000100001101100000000000010000001010000100011100000000101000000100010000000000
000000000000100000110011000000001000101001000000010100000000000001101001011000011000001010110000000
000000000000000000000101011000000011001000000100001011010010000011000010000100000010000000010100000
000000000011001000010001111000001010000000100010001001000110100000000000001010000000000001100000000
000000000000001010000000011011000000000000000101100000000000001100000000000000010110010010000000000
000000000010000000010000001000000111100000000010000100110000010000000000001110011001000000101000100
000000000010100000000000100000000100000000010100010001001100010000000100100000000000010100001100000
000000000010000011000000000001010101000000001000000001000100010000000000100001100000100000000101000
000000000000001000001000000001000011001010010100100000000001000000000000000000010001000000000001100
000000000000000000000000000000000000000000000000000000000000000000000000000000000000000000000000000
0 0
98 98