99 99
000000000000000000000000000000000000000000000000000000000000000000000000000000000000000000000000000
000000000000000000000000000000000000000000000000000000000000000000000000000000000000000000000000000
000000000000000000000000000000000000000000000000000000000000000000000000000000000000000000000000000
000000000000000000000000000000000000000000000000000000000000000000000000000000000000000000000000000
000000000000000000000000000000000000000000000000000000000000000000000000000000000000000000000000000
000000000000000000000000000000000000000000000000000000000000000000000000000000000000000000000000000
000000000000000000000000000000000000000000000000000000000000000000000000000000000000000000000000000
000000000000000000000000000000000000000000000000000000000000000000000000000000000000000000000000000
000000000000000000000000000000000000000000000000000000000000000000000000000000000000000000000000000
000000000000000000000000000000000000000000000000000000000000000000000000000000000000000000000000000
000000000010000000000000010001000100000110000001010001000000101010100100000000000010100000001000000
000000000001000110100010000010001000000100000000100000000000110000010000000001001001000000001100000
000000000001001000000000110010110000001100010001000000000001000000010111100010000000000000110000000
000000000010010000010000010001011000100000000100110000000010000000010000010000000000110000010001000
000000000000000000100000000000000000000000101010010001000100000000000001000001101000000010000000010
000000000000000000001010100000100101001001100000000100101001000100011000011011010000100100000010100
000000000001001001101000100100110000110000001000001001000001000010110001000000000001001000010000000
000000000010000000000000000100000011100000100100000000101000000001000001000000010100000001000000000
000000000000010010000000100000000000000000101110011101001000000110000000101000000010100000100000010
000000000000010100101000011100010000100001110100010000000000100000011000000000001000001100110000100
000000000000000000101000000000000000000100000001100000000101100000010001000000010000000010000001000
000000000001001000010000000000100000000000000000000000011000000001000101100000001110000010000110000
000000000001000000000100001000101000000010100000000101000100010100010000110100111010000000100000100
000000000000000000000000101000000000000001001010000100000000000010000000001000000011010100000100010
000000000000000000100100000000010010100010000001010010000010000000000000000001010000000000000100100
000000000000010000000000000000000010100010000010010000000010100100000000010111000000000010000000000
000000000000000001000000000100000000001000000000001000000110000100100000100000100000000000000010000
000000000000010000110011100000000000001001010001000000010000000000101001001011010000000000000000000
000000000000100001111001001000000010110010100000001100000000000000000000000010010000101000000000000
000000000000100100110100011000001000000000100000110100000010000000000100010010101000100100000000000
000000000010000010100100000010010000010000000011010000000101001010111010000000000000100000101010000
000000000010100100011000000100100101001010010000000100101000000000000000100000000010000000000000000
000000000010001111000000000000000000000000000100000100001010000000000100010110000000000000100000000
000000000010010010001001000000000001000000110100010000000100010001000000000010000000100001000011000
000000000000010000000000000001000010000000010000100000000010000000000100010001000000010000000000000
000000000000000100000001110010101100000000100100011000000000000000100001100110100000000000000000000
000000000000000010000110100100000100000000110011000001000000010001001010000010000010100100100010000
000000000011000110000000000000000000000100000100000001000110000000010000100010000100000010010000000
000000000000000000000010100000000110000010011000000001000000000000001010000100000110000000010000000
000000000010100000100000000100001000000100000000000000000001001001101100000000010001100000101000100
000000000010100001000000000000000000000100010010000000000000110000000001000100000000000000000000010
000000000011000110000000000000100100000001000000000001001010101110000000011000100000010100000011000
000000000000001000000010010100100110000000001001010000100000100001000010100000000000010001010000000
000000000001001100000000001000001000100010100100010100011000100010010000000100000000011000000001000
000000000000001000010000001000110000100100001001000000001000000100110100010010000000001101001001000
000000000000000000100000000010001001000101001100000000000000000000000000100010011101010011001110100
000000000000000100001010000010001010000100100001001011000000100000100000000000000001000010001000000
000000000000100000010100000000000100111100110011000100100000001100001101011001000000010000000100000
000000000010010010010101010010010001000000000100100000001000001100000001000000001000000000000000010
000000000000000000100110000000000100000000000000010001010000001101000100000000011010010000000100000
000000000001001000000100100000001010001010000100010000101000000000100000001000100000000000000000000
000000000001011001000100001001000011000000010011000000000000000000100010110000000010000000000100100
000000000010000000000000000000000010001101001000011100100001000100000011101001000000001000011000000
000000000010100001000011000000000001000000000000001010100000001100101010000001000010000010000000000
000000000000100000100001000000010000000100000101000001010000010000001000000000001010100000000000100
000000000011000000000001000000000011000001100100110100001000000100100001100000110000011010000010000
000000000000000000000100001100000010001000000100000100000000001000110000001010000000000001100000100
000000000000001000010000000000010001001000010100000000000001000000000010100000000101000001101101000
000000000000000000000010100101100000010110001001100000000011010000001010000110000001010100000000000
000000000001000010100100000101010000110011000001100000101000011000100000010000100001010010001000000
000000000000000000000000010000000010000010010000100100000000000000000000010001000001000000011000010
000000000000000010010000100000000000000000010011001000000000001110000000000010000001101010000010000
000000000000010000010001000000000000000010010000000000000011001000010001000000010010100000000001100
000000000000001001010010010100011000000000001000000001100001011011000000000000000001000001001001000
000000000011000000001001000000000010000010100000110010000000000000000100010000000000000010100000010
000000000000010000101001010000000010000000000101000000101000000001001010000000000100000001001000000
000000000000000010000010100000100100100001000000010010010000000001000000000000011001000000100010010
000000000000000000001000000000100001001000000000000011001011001100000000001100100000000000000000010
000000000000100000000000000100000100010000000000001001000100100001010100110100000000000101011110010
000000000001000000001000000100000000001000001011010001110000010110010000000010000000001010000000000
000000000001001001001100000001000110100100000000100111000000000001000000000111100100000001000000110
000000000000110000001010000011010000100010100000010001100000010001000000000000000000010010100000100
000000000000100001010000101000001000001010000110100000000001000000001000110000000001000000010010100
000000000000000010000000000110000011010000000000000000011100000000000010010000011000001000000000100
000000000001000100000000000000100010000000100000000000000000000000000010000000000000000000000001000
000000000000111001100000000000010100001000010000000000010000000100000000000010000100000001000000010
000000000000000010000100000001010100000000000000010000010000000000100010001001000000000000110000000
000000000000000010000010010000101100000001000101000000000010010100000010000100000111000000010000000
000000000001010100011000010000001010110100000010000000100000100100000100000000000000100000000100000
000000000001000010001100000000000000000100000100101110010001000011000010010010000000000010000010000
000000000000010000110000000000000011001110000000100000001010100000000001000000000100010000001000010
000000000011110101000100011101110010011001000001010000001000000000100100000110100000000000011000100
000000000001000000000000000001100111000100100000010000100001000100001001000000001100100100011000000
000000000001010000000000000000100110110000000010011000001011010000001100110000001111010101000001010
000000000000000101001000000000000101000000011000000000010000000000000000001000000000000000100001000
000000000000110000000001000000000000101000000000000100000001000000100100000000000000000001011000000
000000000000001100000000001100000000010110000000010000010100001100110000010100010001000000000001100
000000000000010010001000000000000000000001000101000010000010011000001000000000110100001000000100100
000000000000000000001000100001100100010100110000000000000010010000110000101001010010000010000100000
000000000011010000000010010001000100000000010010000000000101100000000001000001011000000000000000100
000000000001100000100010000000000011000001111100001001001000100000000101101000100000100000010000000
000000000000100010000100000000001100010000001000100100000000100000100010100010101000100010000000000
000000000010000000000001000100000000001000100000000000100000101100100000001000010000100000110001100
000000000000000000000000000000011100001011000000100000100000101000000000010010001000000100100000000
000000000000000001000000000100001000000000100000100110000001000000001110100010000011000010010001000
000000000000000100000101010110000011001000000000000100000011001000010000010001110100000000000000000
000000000000000010100000100001100101100001100000010000000000000010000001000010000010100000000000100
000000000011000100000000000100010000000010000010000000000000001100100000010110010000000000010100000
000000000000000000000000000000000000000000000000000000000000000000000000000000000000000000000000000
0 0
98 98