99 99
000000000000000000000000000000000000000000000000000000000000000000000000000000000000000000000000000
000000000000000000000000000000000000000000000000000000000000000000000000000000000000000000000000000
000000000000000000000000000000000000000000000000000000000000000000000000000000000000000000000000000
000000000000000000000000000000000000000000000000000000000000000000000000000000000000000000000000000
000000000000000000000000000000000000000000000000000000000000000000000000000000000000000000000000000
000000000000000000000000000000000000000000000000000000000000000000000000000000000000000000000000000
000000000000000000000000000000000000000000000000000000000000000000000000000000000000000000000000000
000000000000000000000000000000000000000000000000000000000000000000000000000000000000000000000000000
000000000000000000000000000000000000000000000000000000000000000000000000000000000000000000000000000
000000000000000000000000000000000000000000000000000000000000000000000000000000000000000000000000000
000000000000000110010000100000010000000000011010000101000100100100001100001010101100000000000000010
000000000000000010010100000000000001010100001010100000001001000100000000101000000001100000001001000
000000000010001000000000010000011000100001100000000100001000100000100000001101100000000100010000010
000000000001001000110000000100011000001000000000001010001001000000000010000000000000000100000010000
000000000000000000010000100000000010111000001000101001000000010000010000001010110000010100011011010
000000000010000110000100000010100010000000000000100000001010000000001000100001010000110111001101000
000000000010000000100001000100011000010000010001000100011000000001010000000000000000000000000000100
000000000011000000000101000000101000000000010000011000000000000000100010000100000011100010100000000
000000000000000000001100000000010100100000110101000010000000000100000001000100000001001000000100000
000000000010000000000000100000010100000010000000000101101000010000100100000000000000110000010001000
000000000000001000101101000100010000000000011000000100000100000000000000000001001100010100010010000
000000000000001000010100001001000010000001001000000000010000100000000000000010000000001010110100100
000000000000000000000001000010001010000110000101110110000000000000010001100100101100000000010010000
000000000010111110000010000000100101000000000001001000000000000000000101111010000010011010000010000
000000000000000010001000110100000000001000110000000000000100100100100010100001101000001111011010000
000000000000110100101000100000000000110001000100100100100110000010001000100010000000000000000000000
000000000000001000000000110010000000011000101001010000000101001000000100000011000000001000001001000
000000000000000100001000000100001000100000100100000000000010000000000010010000010100000000010001010
000000000000101001100000000000000001000010000000100100001000000100001000001100000001001010000001000
000000000000000000001001100000100001000000110101010000101000000100000110000000000000000000010001010
000000000000101110000011000001000000100000000000000101000100000000000111000001000100001000001000000
000000000001000100010000000000000000011101000110010000100000110001000100010000000000010000000000010
000000000010000000000000011001000000000000000000000010000000011100000001101000000000000000000001010
000000000000000010000000010100011001000000010001001000000000011010100000000001000000001000001000100
000000000000100010000000001100100000100000000010000100110101110000100000001100000000000001011010010
000000000000000001000010000000000000000101100010100010000000010000000000101001000000101000000000000
000000000000000000001010000000000000010000001010000000001010000000000000010101000000000001011001000
000000000010000101000000000000010001010001000000110111000001000000100010001100010000010010000000000
000000000000100010010010100001000100000011000000000000000000000010000010000000000110110011001000000
000000000000000000100010100001000100100000001100110001000000010001000000000000010010000100001100100
000000000000000001010000101101000000000000000000010000110000000000000000100000000000000010000100000
000000000001000000000001010000011000000000000001000110110000000000001000001100000000000000000000000
000000000000100100100101000000000000010000100000000000100000000010000000000000000000000110000000010
000000000000000000010000010001000000000010100101000001001000100000000100001001000000001100100110000
000000000010100111000000000000011000000000000001000100101010110000001100000000010100000000000000100
000000000000000000000000101010000010100010110000001000000000001000010100000000000000100100110000100
000000000000000000000100000011010000000010000100010000001000101000100001000000010000010000100001010
000000000000010000010000000000000000010110101000010000101001010100000010000000000000000001000000000
000000000000001110000000011001010000010001000000010000000101000010100100001100001110001000100000000
000000000000000000000100100100000000000010000001000001100001100010010001000100000010000000001000000
000000000000001000000000000000000100010001000101100000001000100001001000110000000000100001000001000
000000000000000100000011010010010000010100001010000110000000000100000000010100000000001000010000000
000000000010000010000000010000000011101001100000000001000000000010000000000010010000000000000000000
000000000000001100100000000001010000110000101000100100000100001010001000000010000100000000000000000
000000000000100000001000000000011000000000000000010000000001001010010001000000000000000000000101000
000000000000000100000000000100000000000010000100000010101001101010010000110000010000000010000001000
000000000000101000000100000100000010100000000000100110101000000000000001000000000001110110000000000
000000000010100000000010101000000010000001010001101001010000010010000001100100100000001000000010000
000000000001110100001000001010000001000000000000000000000000000000101001000000100000000000000000000
000000000000000000101000010001000100000100001000010111010000100000000000000111100100000000000001000
000000000000010100000010000001000100001000000000000000000000000000000000000000000000000000000000010
000000000010000001011000000010000011000100100100010010000001000100001000001000000000010000001000010
000000000001000000000000010100000000110101011110011010000100100000100100000000000000000000010110000
000000000000000000010000001100000000010010010000001100000001000000100000000000000001000001000001000
000000000000000000010000000001000000111000001000000001111000000100001000000000010000001011100100000
000000000000100010001000000000000010101010000000100000100101000001001000000000001001010001000001000
000000000000010000000000000000000010010000001100001010010100000010010010000000000000000000000000010
000000000010000000101000000100000101000000000000001000101010000000000010100010001000000001000000010
000000000000000101000000000000000000000011000000000000100000000010000011010000000101100000001011100
000000000000101000100001000000000000110001010000000000000000000001110000000000010000100100000000110
000000000000001100010100011101000000000000000000000001101101100100000000110001010000010000001000010
000000000000101110001000100001000000010000000001000011101000100100011000011000000000101000100001110
000000000000010000010001100010000000001100000100100000110001001000100000000000001001001100010000000
000000000001000000000100000001001000001100000010000110110000000000000000000011001100000010000000000
000000000000000010100000010001000000101000000000100100000010000000100000000000100000010000000000000
000000000010000010100000011000101001000100001000000110101000001111000000000000000000000011000000100
000000000000010000001110000000001000001000110001100000010011000100010000001001000100000000000000100
000000000000010000001100001100001000001100100010000000001010011100000000011000001000100000001000100
000000000010101000001100000000001000000000100101100000011000000000100000100000001101000000011000010
000000000000010110000011000000000000000000000000000011010000010011000000010001100000100000000011000
000000000000100100011000011010101010100000000000110100000000010000010011001010010010010000010001000
000000000000001000000111001000010100011010000000000011000000001000100000000000000101000001000000000
000000000001000000000011000000000000011000000100000101010000000010000010100000000000000010001101000
000000000000000111011000010000111011000001000110000000000001001000000000000001000000000000100000000
000000000000010011000000010010100011100001000010000000001000100000000000000100000000001000101010000
000000000010100100111000001000000011000000010000000000010000001001011000100000000000100000110100000
000000000000110011001000100000011000000010000000000101101000000000000000101101000100010000000000000
000000000011111000100000000000000000100100000100000000001000000000000000000000100000000000000010100
000000000000000010000000000000000000001000000100000000010000000011010100110010000100001010101000000
000000000000000000000000100000000101011001000001001000000000010000000001000101000000101001000100100
000000000001000000000000001100000010000010000000000000010000100010100000100000000001000000001010000
000000000001110000111000000000010000100001100000100000110100000000010011000010100011001011000000110
000000000001100110000110000001000100000000011000110010111000100000000101100100001010000000001100000
000000000000000100010010000010010100010000000100000000001000100001100000110010000010101000000000000
000000000001001010000000000111000100000001001000000000100000000100000010000000010100001001000000000
000000000001001100000000100000111000000010000001000011000000000100000010000100001110000000000010000
000000000000000001001010000100101101000010001100100000110000000100001000110000000000001001000010000
000000000010001010001000000100100000000000110110001110010000000110000011000001011000000000100000000
000000000000000000000000000000000000000000000000000000000000000000000000000000000000000000000000000
0 0
98 98