99 99
000000000000000000000000000000000000000000000000000000000000000000000000000000000000000000000000000
000000000000000000000000000000000000000000000000000000000000000000000000000000000000000000000000000
000000000000000000000000000000000000000000000000000000000000000000000000000000000000000000000000000
000000000000000000000000000000000000000000000000000000000000000000000000000000000000000000000000000
000000000000000000000000000000000000000000000000000000000000000000000000000000000000000000000000000
000000000000000000000000000000000000000000000000000000000000000000000000000000000000000000000000000
000000000000000000000000000000000000000000000000000000000000000000000000000000000000000000000000000
000000000000000000000000000000000000000000000000000000000000000000000000000000000000000000000000000
000000000000000000000000000000000000000000000000000000000000000000000000000000000000000000000000000
000000000000000000000000000000000000000000000000000000000000000000000000000000000000000000000000000
000000000001001100001000001001010111000100000100000010100000010100001000000000000100100000011010100
000000000010110011100000001001001101000000000100000000000000000000000000000000010000000000001010110
000000000001110100001011010010001101011000000000000100110011000101101000010001010001001000000000000
000000000000000110001000000000000000001100000000000010000000000010000011010100001001000100000000000
000000000000001010000000000000000100110010001100000000000000000000000001000100000010000001010101000
000000000000010001110101000000001010000100000001000100000100000000000101000101000001000010100011010
000000000000000010001000101000010000010000000100001000000100000001000100100000010010000001000010000
000000000000000000000100101000000010100110000001000010001000100100010001001011100100000011000001000
000000000000000000001000000000001011011010110000000000000001011001100001000100000000001000000010000
000000000001101101100001010001100000000000000100000001010000010000000010100000000001101010001000010
000000000000010000001000000000000011111001000001010000000000000000000100100100000011011001001100000
000000000000001001000000101000000000000100100000100000100000010001010000110100011000000000100000100
000000000000000100000000000000000000001010000010010010010110000000000100000011000000000000001000000
000000000001000000000110010001010000000000011001100011100100010000010000000010000011000000101000010
000000000010001000000100000000110011000000001100000001000010000000000010010000100000110000001000000
000000000000001000000110000000000100001001000001010000001100000001000000000000000100010100100100000
000000000000111000001010100111001000000000000000000000000000000011100000000000101000000001010000010
000000000000000111000011001000000010001000000000101000000001000001001010000101110000100010100011000
000000000001001100001001100000101010000101000010000001000000010000010000000100000100000000000000010
000000000000110110001000000000101000000001100011001011010000101000100001000100100000000000101000000
000000000010000000000010000000110000000000100100000000000010000100000000010001001010000010101001010
000000000010001000000000000001000100100000100000000010101000000001001100001000000010000101011000100
000000000011000000000000000000000000001000010010001001000000000000010000101000100010010000000000010
000000000000001000110000100010100010001100000000100100010100001011000100000011001010000010110100000
000000000000101101000000000001000001000100000000000000100000000101111010101000000010010010001000000
000000000010100001010011001000001101001101010000001000011000000000100001000100101000000010000000000
000000000000010000000000001001011100100000010010000000000000010010111101000000000000000000000000010
000000000010000000100000010000100000000000000100000000000010010000001000010000100010000100010000000
000000000000000000000010001010000000000001010000000000000000000101000100001000001010000010000010000
000000000010001001000000000000100000110000000000001100000010011000011000000000000100000000000010000
000000000000000000101100000010001101110001000001110001000010000000000000010000000000000001100110000
000000000001000001001001000000000000001011100000010010000010101000000101000000000000101010010000000
000000000010000000100000101000000000000001100101001000000100000110000000000010000010000000100100000
000000000010011101001000001000010001001100011000010010000100000010000001100000000000000011010000000
000000000001000000100001000000000010000000000000100001000100001000100100000000000001000111001100000
000000000000000001000010001000100100000000010000100000000000000000000100000011000000000000000100000
000000000000000000000000000000100110000100001100000000000000000000100001001001000001010010000000000
000000000000110000001100000000011010010001000001100001001110010000001110011000001000000000001000010
000000000000010000000010010100000000100010100000110000001001000011000100010100000001000010100000010
000000000000110000000000100000010000001000000000000010100000000100000000000000000100000110000100010
000000000000000000010100100000000000001010000001010100000000000000000000001000000000001000000100000
000000000000000000000110110000100000000000000000010010000000010000000000000000010010000100010010000
000000000000011011000000001000000001011100000010000100010011000000010010110100000000011001110011000
000000000000000000000000011000000000100010000110000000000001000000000000000010010000001000100001000
000000000001010011000001011001000000000000000000000000000000000000000010000010000010001000000010000
000000000010000010000001001000101001110000000010000000010010000000001001000100000000000000000000000
000000000000000000000100000100000000100000100011010000111010010100001000011000000011000001000000000
000000000000100001000000001000000100100000100000101100110001000100101000000000000000000000000000010
000000000010000110000000011010000000000010001000000001000000001001000010000000000010001100001000100
000000000000011000001101101010011101000000100000000000100101000100001000100000000001001100010010100
000000000011010000000100100100010001010000001111010110001000000000000000000100001010000000000000000
000000000001000000000000011010100100101000111100010000000010110000010001000010000000001000000010000
000000000011001000110000000000010010000100011010110001000000000000000010000000000011000010001100000
000000000011001000000000000001000000001110000000000100000001000000000111000000000000000010000100000
000000000001000010001010010000100010000100000001000000010010100001000000000000000110001001010000000
000000000001110000001000110000100000100000000000010000000000000000001001000001001110001001000100100
000000000001001001000000000100101000000000000001000000000000100000000000100000001000000001110001000
000000000011000000000000000000010001110110000000000000000000010000000110000010100010000100000001010
000000000001101000010000011100100001110010000000100000010010111000100000001010111100001011100010000
000000000000010000000000000000000010100001011000000100000000011000000000100011000000000000100000010
000000000000000000101000000010000000001100000100000000100010011000000000100000010001010100100000100
000000000000100100000000100100000000100010101000101110000000001001100110001000000100100000000100000
000000000010000101001100001001000000000100110010000000001001001000010100110000010100001100001001010
000000000000000000000010010000110000000000100000001100000001000001001100010000001000000100000001010
000000000010000000010000010010000000000000001110000000010000000100000001000000000001000000000000010
000000000010010000010101000100000000000000010011011100010000000010010010000000010100011000010001000
000000000000110010001000000000000100001000000100010000000100100000100000110000010001000001000000010
000000000010000110010000001101000000010000000100000001000100000001000000100001000100000001001101000
000000000000001000100011100000000010100000100010010100000000001000000100100000101010000111000000000
000000000001010100000000001100000100001000010000000101000000000000000001001010100000011000000101000
000000000000001000000000001000001001000011001000001000000001000000000000001000001000000101000010000
000000000000010001100010000001100000001000001000000000000000000000000001010001000000010001000011100
000000000000000010110000001001000000000001000110000010100110000000000001000000000000000000100000100
000000000000000000100000001000000000000010000100001000010000010000001001100010010000001000000001000
000000000000000000000000010000110100100000000000001000001000000000000010001000000000001001001001100
000000000000000000010100000000010000110000000010000100000010000010001000010000000100000000100000000
000000000000100101000011000000000001001010010000100000010100100101001100100000000100000000000001010
000000000000000110010110100001000000100000000000001000000011100101000000000000000100000001110111000
000000000000000000000000000100000010000000010010000010110001000011000010000001000000011001010000100
000000000001000100000000100000010100001100000011000000000000000000000010000000000000000010101000100
000000000000010000010011001100000001010001001010000001010000000000010101100000000000100001000001000
000000000010000100000000000011011100100000000001000000000010010000000000000100000000000001000010000
000000000000000010110100000010100100100001001000000100100110000100100010100000010000100000000000000
000000000000001011000101000000000000000000000000010000000100010000000000110001000001000000010000000
000000000000100100000011100001011010100001001000000000110000000000010001000100001111000100000100100
000000000000010000000100100101000000001001000000101000100000100010110000000100000000011000010000010
000000000000010000101111000000000000000000000000000000000001000100010001010010001000010011010010000
000000000000000100100011000000110000000110000100000010001000000000000001000000000000000001000100000
000000000000000000000000000000000000000000000000000000000000000000000000000000000000000000000000000
0 0
98 98