99 99
000000000000000000000000000000000000000000000000000000000000000000000000000000000000000000000000000
000000000000000000000000000000000000000000000000000000000000000000000000000000000000000000000000000
000000000000000000000000000000000000000000000000000000000000000000000000000000000000000000000000000
000000000000000000000000000000000000000000000000000000000000000000000000000000000000000000000000000
000000000000000000000000000000000000000000000000000000000000000000000000000000000000000000000000000
000000000000000000000000000000000000000000000000000000000000000000000000000000000000000000000000000
000000000000000000000000000000000000000000000000000000000000000000000000000000000000000000000000000
000000000000000000000000000000000000000000000000000000000000000000000000000000000000000000000000000
000000000000000000000000000000000000000000000000000000000000000000000000000000000000000000000000000
000000000000000000000000000000000000000000000000000000000000000000000000000000000000000000000000000
000000000001100010000000000100001000001000001101000100000001010101000001011010000001011000001000100
000000000000000001100101000011011000000011001010101000001000000110010000000100100100011001010000110
000000000000000110000110000010000000010000010000000000000001000000010100001000000000000001100000000
000000000010101000010000001001100111000100101001000000000100010000100000010001100001010001001001100
000000000010100100000001000000001001000001000000000010100000000100110000000000000000000000000000000
000000000000001000000000000000000000000010000001010000000000010001000001000000000010111000000000000
000000000000000000010000000000000000011000000110001000000000001100000000001100000000000100000001000
000000000010000000000000100110000000000000010000010100001010100010000000000001001100001000010000000
000000000000100000000000000001000010100001001100010000101110100001000010000000000001000000000000000
000000000000000000000000010100000010101010000001100000010011100100001000001000000000001010000100010
000000000000000101000001000010001100001000000000010000001001000100000000000000001000000000000001000
000000000001001100010010001100100000100011000000000100000000110010001011000000001000001001000101000
000000000010100100100000000010010000110011101000000001000100000010000000000000001110000001000100000
000000000000010001000001010001000001000010100010000001000100000010000000000101100000000001000000000
000000000010000000001000000000000000000001000101001001000100000000000001000000000000001000000000100
000000000010010100000001000110010001000010100000000100100001000000001111001000000000000000000101000
000000000000000100000000110001000000010001001001010000000001000000010000100000011100010001101100000
000000000001101010000000000000001001000110000010000000110000000000000101010000010001000000100010000
000000000000010000001000000000000000000000100000010000010101100001100001000010000000000001000001100
000000000011000000000000000000100000000100000000000100000000000010000001100000100010001000000010100
000000000000000000010010001010101000000000000000100000010000000010000100010100011000000101000000010
000000000000000001000000000011000000011010000010000000010101101000100000000001010000111000010000000
000000000000000010001010100010000000000101000011100101001000010011110100100010000101000100000001100
000000000000000000000000010100000001000000000000010010111000001100001000000010011000000001000000000
000000000000100000000001011101010100110100100000000111010000001001010000000001000000100110000101000
000000000000001000000011000000010101001000010010110000000000000010100001000000000000000000000000010
000000000000010000010000101010100000000000100000000000000000000000000000000001011100000000100000010
000000000000100000001100110000100000001000000000000011010100000000010000010100000000000010000001000
000000000000000100010011000000001001100100110000000001000011100100001000000100010000000001100000100
000000000001000001010001001010010010010000001000000000010010000000101000010000001000000000010010110
000000000001000001100000000010000010000000000000000010010000000011001000000010000000010010100000000
000000000000100000010000010000000001000001001000000100001000000000110000001000001000000000000000000
000000000000000000000000001000001100000000000010001010000000000000100001000000000110010000010100110
000000000000000001000011001000000000100000000010000000000010000101001000000001000100010010010000000
000000000000110000000000001010010101000001010001011100001100000000100110000100000000010000110001000
000000000000000000000100000110010100001000000000000000100000001010000000010010000010010100100001000
000000000011000100000010000010000000001110000000011010000100000000110000001000001000010000011101010
000000000000110110000110100000000100110000100000000100000000001001010100000000100001000000001010010
000000000010010001011000100000110100000000111000000000111000000011100100000001000000000110010001000
000000000000000000000000100100110000000010000001000000000000011000010011000000010100101000111000100
000000000010000000000000100101001110000000000011100100010000000000001100000010001100000001010000000
000000000000000100000000000000010000000100000100000001000000000000000010000001001000000000000000110
000000000001000010001010010010000101000000000001000001010001001101000000001000111000011000101001100
000000000000001000010100000000000000000010100111000000010100000000000000010010100010000000000100000
000000000000011000000000001000000000000000000010100000001001100000000000101000000001100100011001100
000000000001000000000110000000100100011100000001100110010000000000000001001001000100000001010000000
000000000000000001010010000010010101000001101101000000000100001100000000100001000000000100100001000
000000000000101000000010100001010000001100100010000100001000100111101000100000111010000100000100000
000000000000000000000000000000100000000000010010000000000000000000000000110000010100010100000010000
000000000000001000100000000100110000100000000000000000101010000000000010100000000001000000000110000
000000000010000000000010010000000000000000111001000000000001010000110010100000000001001000000100100
000000000000100001010000000000101010100001100000000001000101010000100000010010001001000000010000110
000000000000000000001101110000101001100011000011000000010010000000000000001000000010100000000000000
000000000010000001000010000000001010000010000001000000011110110101000010001101000001001000000001000
000000000000100000010000000000100100110000001110000001100011010100000010000010100000000010000000000
000000000001000100000000000100000000001000000010101000000001000001000001000001000000001100100100000
000000000000000000010010000000000101000000100000100100010100000000000000000000100000000001000000110
000000000010010100000000000110001001000101000001011000000110000000000010000000110000001001000000000
000000000000010001000100100010010001100000000100100001000000000000011010000001100001000000110000000
000000000000000010000000000000000110000101010000100000000000010101001010010100000000000001000000000
000000000000000000000000001100000001101101000010001100010000000000100000010000101000000000001010000
000000000000000001100100000011000110000000100010000100011000010010000000000010000001100000011000000
000000000000011101100100000010000001000000001000001100100001000101000010010100100101001000100010010
000000000000000000100001001000010000100001001000000001000000000000000010001000000000000100100000000
000000000000000011000001010100000000000001010100110000001000000000000101000001000101101001000000110
000000000001000000000110101001010000000100010110000000000000100001010010000001000110100101000000100
000000000000000000000010001000000010010000000101000000000000000001010100100000000000000010010101000
000000000000001000101010100000000000000000000000100000000000000110000110000000000000001100100100000
000000000000000000000000000010010001000011000000001010010010000110100000100001000000000100000000000
000000000000101000000100000100000110000000001000010000001010100000010100100100100000001000001001000
000000000000011100001000000000001110000001100010000000100000000010100000000000000000001000000000000
000000000000100000000000000000000010000000100000000011011010000100100110001000001000100100110000000
000000000011100000000000000000000000010000000100000110000000000001000000000000100010010000010000000
000000000000010000100100001100000000000000000010000100100101010001001001000101000001000010000000100
000000000000010010000001010001000000000000011010000101000000010000000000001000000001100100000000000
000000000000010000000010100001100001100000100001100101000000101000011010000001010110000000000100000
000000000001100100010000000100001000000010100000001010000100000010001000001100000000001000000000000
000000000000010011011000010000000000001000000000010100000001010011010001000010010000000100010000010
000000000010001000100000000010100000001001110000000010000110100110001001000000001000100100010100000
000000000000011000000001000011000000001000010010000110001000000100000010000000101000000000010110000
000000000001100100110100100010010101100000000010101000000000000000001001000100000001000000001000000
000000000000100011000001010001000001011110000000010101000000000000000010000000000000000110010001000
000000000000000011000001000000000000001100000000001001010010000011010000100100100000100000001100000
000000000000100000110000100000010100000000000000000110000001000000000001000101000110110000001010100
000000000000010011100010100010000100001000000000010000000010100000001001001101100001000000010010010
000000000000000100001000010100001000000011110000000001100000100001010000010000000100000001000101000
000000000000001010000001000000000000000100000011000011001000010110001011110010000000000000010001000
000000000000001001100011000000100000000100000001010000010000000000010000110001000000001101000010000
000000000000000000000000000000000000000000000000000000000000000000000000000000000000000000000000000
0 0
98 98