99 99
000000000000000000000000000000000000000000000000000000000000000000000000000000000000000000000000000
000000000000000000000000000000000000000000000000000000000000000000000000000000000000000000000000000
000000000000000000000000000000000000000000000000000000000000000000000000000000000000000000000000000
000000000000000000000000000000000000000000000000000000000000000000000000000000000000000000000000000
000000000000000000000000000000000000000000000000000000000000000000000000000000000000000000000000000
000000000000000000000000000000000000000000000000000000000000000000000000000000000000000000000000000
000000000000000000000000000000000000000000000000000000000000000000000000000000000000000000000000000
000000000000000000000000000000000000000000000000000000000000000000000000000000000000000000000000000
000000000000000000000000000000000000000000000000000000000000000000000000000000000000000000000000000
000000000000000000000000000000000000000000000000000000000000000000000000000000000000000000000000000
000000000001000000010110100000111000011001000000001001000000001001000100000000100000000010000000000
000000000001100000000000000000000001110100010001110000000001100000000000010100010000100101010000010
000000000010010000000101000100100000011000100000000010101000000000000000100000000000100000000001010
000000000000000000010000000000001010001100010000000000000001001010000100011010000000000000000100000
000000000011001010000010000001000001000100000100000001000100000101000000000000100000001000100010000
000000000000000001100000110000100010000000010000000010000001110010000000010001010001000000100000000
000000000000001100100000100001100000000001001010100010011000100000000000000011001000000000000000010
000000000000000101000000000100000010010000000010000100001010011000001000100000110001100011000010010
000000000000110010000101000000000001000100000011010001100000001000000101100100000100000000011000100
000000000000000000000000000000000010000001000000000101100000000001110000000000000000010101010000000
000000000000100010001001000010101000101000000010000001000000100000100000000010000100000100000000000
000000000011000010010100011000100000010011001011110000000011010000100000010000000000001010010010000
000000000000001000000100000000011001010001000000000000100000000000000000110000000001000001100100000
000000000010000011111100000010100100001001000001000101000000000000100000000010000000000001000110000
000000000010000000000001000000101000101100000100010000001100100000010000000000000001000001000001010
000000000011000000000011010000010100011011001000100010000000000000101101000000010000000000010000000
000000000010001110000000100100010000000101001100000000010001101010000000100100001000000000011001100
000000000000000000010011010000000000000010101001000000000011000000000000001000010000100001001101000
000000000000000000000000010000100000100000000000000000011000000000000000001010000000010000000010000
000000000000010000010000100100000010000100001010001001000000001000000001001000100001100000010100000
000000000000011100000001000010000000001100101100000000000001000101000000100010000010000000110010000
000000000000101000010001001001001000000000010010010010100001101001001000000000000001010000000100010
000000000000001001000010100000000000010001010000010110000100000000000001010010000000100110010100000
000000000010000110000010010101000000100010000010010000100100000101100000100000110001011100000000000
000000000000000000000010000000010001000000001000100000100101000000010000110000100100101000000100000
000000000000000001000100100110001111010011000000010000010000000100100001000011100010000100100001000
000000000010000101010011000000010100000000000000101000000000000010001000000000000001011010000000100
000000000000100100110010011010000000000001010110100000110001000000000000000111000011000000010000100
000000000000000010100000010000001010000011110000000000110100110000000000000000000101001010011010000
000000000010010001000100000000000001000000000110000000010000010100000000010001000000100011000000000
000000000000000001100000010100000000100000001000100010000001001000000010000000001100010000101011000
000000000000100000000001001000110000000100000100110001000001000000010011100010001000110011000000000
000000000000100001100000101100000001010001010000000100110100010000010000101000100100001000000000010
000000000000000001000000100000000000101110000000100001000000100100100101010001000000010010000000000
000000000000110000100100001001000100000000000010111000000000100000000000000011110000101100010000000
000000000000000010110110001000000010000110100000100000000000000100010001000000001000001001000000000
000000000000000100000001001000001000000000010011100000000010000010001001000010100001000000000000000
000000000001000101100000000000010010000101101101110110100000000010100000010100010000010100001001000
000000000001010000010000010000000100010001000000000010000101000000010000010000000000000000000000100
000000000000010100001000000000000100001001000100000101000001000011001001000100010010110101001100000
000000000000000000100000000010001001001000000100001100000000000010000000101000000000000100000000000
000000000000110000000100000100100000001000000001010001000010000000000110000010000000000000000000010
000000000000010010010100000001101000011101111101000000000000000000100000000100001000010000000000000
000000000000000000000110001000000000000000001001010000000100000000001000000000010100010100000000000
000000000000000001000001010000000000100100000101000001001010000100000000000000001000001000000010000
000000000010001000100000000000010100001010000000000001000110010101001000100000000000000000000001000
000000000000010100001011010000000000000000000100000000000000000000000000100001100000000010100000000
000000000000100001010101100001100001000000010011000011100100000000011100000000000000100000000000000
000000000000000000000110000000001010010000100100010011000010000000000100000011101000100000000010100
000000000011000000000000000100100001000000000000000100000000001011000001000001000000100001000010000
000000000000001001000000110000110000100000000000010100010010000000000001011010100000100110000000010
000000000000100000000000000000001000110101011011110000100000000101001100010000101010000000101000110
000000000000000000000000011000000000110000010001100010001000000011000000000000000000000000000000000
000000000000100000000010011010000100001000000001111000010000010100100000010100000010001000000000000
000000000010100000001000001011000000000100000000000001000100000000000000000011100000000100000000000
000000000001000000010000000001000000100001100010100000000000000001101010000000000000001100000000000
000000000010000000010000010000000010000100010000001110001000010010000110100000100000000000000000100
000000000000000100000000100010000001000110010000000000110000001000000000100000100101000110000000000
000000000010000100000100001111100000110000001010000011000000000000000000000000001000000000100010000
000000000001100000100010000000001000010100000100001100000000000000100010001000000000000101000100000
000000000000000010001110000100000010000000000000000001000010000001000001000000100001000001000000000
000000000001010000000000000000001000000100001000000110100000100000110000000000001000001100000000000
000000000001000010001000011000000010000001010000101000000000110000010010001000000000000000001000000
000000000000010010100010000000110010000000000100000001000000000111000011000000010101000100010100110
000000000000101000000000000011000000000100011101000100000100010001100000000010010000000000001000000
000000000000000011000000000000000000000001000000000001000000000100010000100000100111000000001000010
000000000000010010101010001000001010000011000001001100000010000000011000010000010000100000001000000
000000000000010000000000100000000011000001000000001000100000000000000000000000000000010100000100000
000000000010111010000000100000000000100000100001000000000100000100000000011100000000010100101000000
000000000000000100011000000000000100001011000001000010000000000001110001000000000000010000000000000
000000000000010000000000010001100001001000100000000100000000000000000001010100000010000100000000000
000000000001001010000000000000100000001001010000000100000001010100000000000001000001010000000100000
000000000000000001110000110010001010000000101000000010000000100000010000001000000010101000100000010
000000000000000010000000001001000000000001000100010101100100000010001000000000010000000010000000010
000000000000000111010010000111000000001000000000000110010010100000010011000011001000000000010000000
000000000010000000010000010000100000100001011000000100110001010100000000000000000000000000110001010
000000000000100000001000000000100000000011000000010110000000000000100010000100000000010001000000000
000000000000001000000011000010011000010101000010010000100001000000000000000000001000000000000000000
000000000000110100010000000110100000001010010000100110000001000100000000000010000000001010010001100
000000000000001010010011101010000001000000000000000000000000100000000001000101000000000000001001000
000000000000001010000001100000100000001010000110100010000001011000000000000010000000010000001000000
000000000001100000000110001111000000000010000100110000001000001010000001000001000100001100101000000
000000000000100000001001000000000011000000110000000010000100000000000001000010000110000000000100000
000000000001000000000100110100000001000000001000011110010000100000000001000110000110000010100000110
000000000000000000000000001000101010000000000000001000100101000011000010100000001001000000000100000
000000000000100000000010000000001000000000000000000000011000100000000010000000010001000100000000100
000000000010000001100000000100001001000000010000000000001010000010100001000000001000010000000010000
000000000000100000000010001000001000101100000000001001011000100000010000001100000110000001100100000
000000000000000000000000000000000000000000000000000000000000000000000000000000000000000000000000000
0 0
98 98