99 99
000000000000000000000000000000000000000000000000000000000000000000000000000000000000000000000000000
000000000000000000000000000000000000000000000000000000000000000000000000000000000000000000000000000
000000000000000000000000000000000000000000000000000000000000000000000000000000000000000000000000000
000000000000000000000000000000000000000000000000000000000000000000000000000000000000000000000000000
000000000000000000000000000000000000000000000000000000000000000000000000000000000000000000000000000
000000000000000000000000000000000000000000000000000000000000000000000000000000000000000000000000000
000000000000000000000000000000000000000000000000000000000000000000000000000000000000000000000000000
000000000000000000000000000000000000000000000000000000000000000000000000000000000000000000000000000
000000000000000000000000000000000000000000000000000000000000000000000000000000000000000000000000000
000000000000000000000000000000000000000000000000000000000000000000000000000000000000000000000000000
000000000010010000000010110011000001000000000000000000001000100010001010000000000000000010010101000
000000000000000000100000000000100000100101000100000010000001000100100000000010000000010000000000000
000000000000100100100000100000000000101100001001000000000000000001000101001011000000000001010010010
000000000000000000010000000000100000000010000000101000001000010101000010000000010100000010000010000
000000000000000000000001000101101001000100000100100011000000000011000000000001001001000000010000010
000000000001000001000000001100010010000010101010000010110010000101000000001000100000000000001100000
000000000001000000001000100000000000000000100010000010110000111001010000110100100000000100000100000
000000000001000000000000000011000001100000010000000000100100000000000000100100100100000100000100100
000000000000000001000000100000000010001010000100001000000100001000100000000000010000000000001001000
000000000000000000000110000010001000001101000010000010000000011000001001010000000000100100000000100
000000000011001000000001100000010000000000001100000000000000000010001001001010000001000000000000110
000000000000000000000011010000000001001000010000000101000100000100000000010000000000000001010010000
000000000011011010000010100001000001010000100000000000001000000000011100001000100010111111010010000
000000000000000000000011000000001001010000000000001001000000000011000000100000010000000000000000000
000000000000000010000101001011000000100000010100001100101000001001000001100010001000010000000000000
000000000001001000000100100000000000100000000100011100001110000010000001000000001000000000000000000
000000000000100100100100000000100000001110111000000010100000010000000101000000010000000000000001000
000000000001000000000000001010000001000000000101000000100000000010100100000000001010000001000000000
000000000001000000000000001000000001000000000001000000000000101000100010001000000000001010000000110
000000000001101100000000010100000010000100000010000000000000000100101001010000010010100100100000100
000000000000000000010101010100100010100000001100000000000000010010000000000000001000100000010010000
000000000000001101010000000001011100101101000100110111000000100000000000100000000000000000000000000
000000000000000001010011000000100000000101010000100000000010000001001000100000010000000110000000100
000000000010000000000000010001000101000000100010000011000000100010001000000001000000000000001010000
000000000000000000001101100000000001000010000000000010110000100110000100000000000010000011000000110
000000000001001000001100000000000010000100100011000000001000010000000000001001000010001000010000110
000000000010010100000001011000000001100000000000000000010000000000001000000000100000010111011000000
000000000000000010000101000000000000010001000000000000000110111010000000100100000000000000001011010
000000000000000010000001000000000011001001000000000110000000100010101000000000000000100000001000000
000000000010000100100000000000010001010100000000100001010000010000000010000000100000000100000110010
000000000000000000001010000100000010011100010000000000000000000000000000000001000000100001010110100
000000000000011000000000100010010100000000100101000001000000001001100000100110010000100010110000100
000000000000000000000000000000000100001100000000000101010000001000000000001010010001000000001000010
000000000000000000000100000001100000000010000000001000000111000100001000000000010000010000010001000
000000000000101000000001000000000000000001001010000110000100000000100001000000001101000010000010000
000000000000000000100010110010110000000000100000010001000000100100100101010110000001000000000000000
000000000000000000110011010000000010000000000001100000001000000000000010100000000000010010010100000
000000000011000000001000010101000000010100001100011000000010000110000000100010010001000000000000100
000000000010000000101001010100000000000100000000000010010000000000001000110000000000111000101100100
000000000000100000010100000001000000000000000000010100000111110000000000010000000000001000000000000
000000000010000100100000000000001010000000010100100001010100000001100001100000000001001100000000000
000000000000100010110010001000000001000100010000000000001010100000000000000011000000000010000100100
000000000000000000001100000101010000010001101110000100010010100010110001000000000000001000000000000
000000000000000000010001001000000010000001101100100000000000000010000001000000010110100000100000000
000000000000001000000000101100010100010110010000100001001110000000000100101000010000000100000100000
000000000010100101000000000010100001000001000000000011000000010011000001000001000001011110100010000
000000000000010100010100100100000000000000110100000000000000010000110101000000100000000001000010000
000000000001010110000000100000000101000011010000000100001110011000001010010000010000010000010010010
000000000001000111001000110001000101000000110000000000000000100000010000010000011101000000100011000
000000000000000010000111000100010000100011100000000100010000000100000010000010010001000100111000000
000000000011000010100010000000000001000000001000101001001101100000000100110011100000110000100010000
000000000001001101000000000000000000100100000000001001000000000000100000000000010111000000000000000
000000000000100000000000000000100000000001011000000010100010101100001000010001100100000000001000000
000000000000010000001100010111000001100010000000000001010100010000000010000010000001000000110100010
000000000000101000011010110110010000001000001010001000000111000000000000000010000000001000001000000
000000000000011001110000000101000000101000011100000001100000011000010000000000010010000111000010000
000000000000000010000001000000001000000000110100001011010010000100000000010100000000000100000110000
000000000000000000010000000000000000100000000000001000011000001000001000000000100000010100011000000
000000000000100000000000111100001001100000001001000000100001010000001000010000010010010101100100000
000000000000000000100000001000001000011100001001001000010101000000000000010001001010000000011010010
000000000000010100000000010001000111000001001000000000100000001001000010000100000000100000011000000
000000000001001101001001001001000100000001000001001001110000010000000000000000110000100000100000010
000000000000001000001010000000100000001010100000000000010101001000110000000000000000000000011010000
000000000000000001000100000100000000010000000001001000001000000001001001000000001010100000010100000
000000000000000000010001000000000000000000000000100010100001000000000001010000111000000010000110010
000000000001000001000000100010001000010000000011010000110001000100000100100000010000000000001011100
000000000000010010001000001000100000101111011010000001001010000001001000000001001001110000010000100
000000000001010000000011100000000000010100100000101001111100000010000000000010010000100000010010010
000000000000000001100100011000000000001000000100000000100011100000000100001101100100000100010010000
000000000000010000000010010000000000000000100000011001000000000000000000000011000000000100010010100
000000000000010000000000000000000010100000010000010111001000010101000001010000000000000001000000010
000000000010001000001001100000000001000010100010000000001000010000000010000000000010000000000000000
000000000000000100000101000100001001001000011001000000001100100110000000001001010010001000001000100
000000000000001010000000100010000001010000000101000010001001101000000000111000101000000010010000000
000000000000100100010000000000010000011000000101010010000011100000100000100000000000011000001000000
000000000011000001000000010010000000000001010010000011110111010010011101000000100110000000000001000
000000000011000010001010100010000100010110000001010000101000001000001000010000010000000010100000000
000000000011000000000000100010000000001001000100000000010100000000010000011000000000000000000000100
000000000011000110000000110100000000011100000001011000111000100101010100010100100000000000010000000
000000000010000101000010000000001000010100000000010000000010000001001110001000101000000000000001000
000000000010000100000001000100100000100000000000001100000000000010000000000010000000001000000000000
000000000010000001100001110010000100000010010010000100000100000000000000000011000010000000000000000
000000000000101000000000010010110110100000000001000101000001000010011100010000001010100000010000000
000000000001000010010010010010000010000010000100000010010000010000000101100000010100001110000000000
000000000000000000000100010000010000000001000011000100000001000100000000010001000000111000001001010
000000000000000000010010010011001010011000010000000000101000100010000000000000010000000101000000000
000000000001010000001000000010000100000000000100000000001000000010000000100110010000001000100010000
000000000000000000000001111100000000010010001000001101001000000110001100100001000000100001000000000
000000000000000000000000000000000000000000000000000000000000000000000000000000000000000000000000000
0 0
98 98