99 99
000000000000000000000000000000000000000000000000000000000000000000000000000000000000000000000000000
000000000000000000000000000000000000000000000000000000000000000000000000000000000000000000000000000
000000000000000000000000000000000000000000000000000000000000000000000000000000000000000000000000000
000000000000000000000000000000000000000000000000000000000000000000000000000000000000000000000000000
000000000000000000000000000000000000000000000000000000000000000000000000000000000000000000000000000
000000000000000000000000000000000000000000000000000000000000000000000000000000000000000000000000000
000000000000000000000000000000000000000000000000000000000000000000000000000000000000000000000000000
000000000000000000000000000000000000000000000000000000000000000000000000000000000000000000000000000
000000000000000000000000000000000000000000000000000000000000000000000000000000000000000000000000000
000000000000000000000000000000000000000000000000000000000000000000000000000000000000000000000000000
000000000010100010100000000000010100000010100000110011100001100000000010001101001001000000000000000
000000000010000100101000000000000000000110000010000100100010000000000000100001000010100000000100000
000000000000100000000000000000001010000000000100100000010000100100101000000000000000000000000000100
000000000000001000001000010100000001000001000100100000000000000001000001000000000010000000110100000
000000000000010001100001001010010110000001010000000000000000110101010010100100010000000100000100010
000000000010001000100000001100000000000011010101000010001010001100011001000000010000000010100001110
000000000001000100000000010000001000000011000000000010000000001010010000100000000000000010001000000
000000000000000010000000000001000100101001000000001000010000000000000000000001000000000000000000000
000000000000001000001000000100011000000000101000000110110000010001010100010100000000000110001001000
000000000000000000000100100000100000111101000000010000010000000000000011000000010000000000101000000
000000000000110010000000001000000100100010000100000100010001101000100000000000010010000010000000100
000000000010000000000000010000010010000000000010111100000000000100000001000000000000011000010000000
000000000000000000111000100110000000100000000010100000000000001100001100100000000000000010000000000
000000000000000100000010011000000000111100000000000010101110000001100000000010001000100000100001000
000000000000001010010010000010100001010111000011000001010000100000010000000100011101000100000100000
000000000000010000101000001010000000101001100000000000000010101001001000100000001000000000000000010
000000000000100010000000001011000000010000100100000011010000000000000001010100100000010000010011000
000000000000000000000000011001000100110000000000001001001001000100000000001000000000100000000000000
000000000000010000100100100000010000010000001001001000000101010000001001001001000000001000000000000
000000000000001000111001000000001010000000000000001000010010000000000000110001100010000000000000010
000000000000000000000001000000100010000000010100010001000010000010111100000000001000000010000010000
000000000000001100000000010000001111010001011000000001000000000010010000000000000000000000010010000
000000000001011001000000000100000000000000010000000111000000001000000001011011000100001000000100000
000000000001000100000000100011100010010100000000001010000011100001000000101000100000010110000000000
000000000000100000000010100000100000000000000001001000000000011011000000100001000010100000010110000
000000000011000010001001000001000110100001000010000000000011001100100000000000011000000001001010110
000000000000001000000000000000000000000000001000001001000000100000000010000000000000000100001000000
000000000000010000000000100100101101000000110110000000011100010000000100000010001100000001110011000
000000000010001100000001001000000000000011000001000000000000010000000000001110010001000000010100100
000000000000111000010001000110000000010100101000000100001000000000110000000010000000000000100011110
000000000000010000000001000000010000000000010010100001000100000000010100010100001000100001000000000
000000000010100000100100000000000000000000001000000000010000100000000100000010001000100000000000000
000000000000001010000000001101001110011010000000100000100001000000001000000010010000010010000100000
000000000001000000000101110000000110001001110100000000000000000001100010000000000000010000001100010
000000000000000100000000000000000000100010100100000001001000000000110000001000000000001000000000000
000000000001100000000001001001010110000101110000000001000000000010010100000000000001001000010000000
000000000000000100110001000000010000000000000000000010000000000000010010100010100000000100000010010
000000000000000000000001100100100100010011010000001001000000000110001000110001000000000000100101000
000000000000010000000001100000011100000011001000000000010000000000000000000000000001100011000001000
000000000000000000100101000010000000000001001100000100000001000011110010110000000000100000010100100
000000000000101000100000100011001000001110000000000000000000000010100011010000000010010101100000000
000000000001000000000100000000110010010100001110100100100100100100010000000110010100000100100010000
000000000010000000000010100010010001100000000100000011000100010010000010000000000000000000101100000
000000000001000100100100000010011000000000001110000000000000000000000111010010100100110000001000000
000000000011000000001010000100000001000100000000000100010100011001000001000000010000100100100000000
000000000010000001000000001000000100010001000000010000000000000000000000000101000000000000000000000
000000000000010000000001000000001000000011001100000000000010000001000000001100100100000000000010000
000000000000000000100000001001000000110000001000100000111100000000000000000000000000011011001000000
000000000000101000000001000110000000011000000000000000000000000000000100110000100000000100100001010
000000000000100010000100001010000000010000000011000000100010000000010000000000000100000000001000000
000000000011000001010000110010010000100000000000100000011011011000000000000010100100000000010000010
000000000000001100000110001010000000100001010110000000100000000000000100011000110100000000000000010
000000000000100101010000000010000000001011001000010110000010000000000000000000000001000000000100000
000000000010000110001100100100000000000000000100101000100010001000000001100001001100100000000000000
000000000011000000001010100000001001000100000000000100010000000100000100000001000001100001000000000
000000000000100000001011000000010000000000001101001001100001000000000001000000000000001000000001000
000000000010000000000000100000001001000000000000000010100000000000010100000000110100000010000000100
000000000000000000010000010000000100000011001000000000000001000001000000000100110111101000000000000
000000000000000000000010001000000000001000110010101010000100000000100110101000100000000000000110000
000000000000010101010001000100100000000001000000000010000010010100100100000001000100010000000000000
000000000001000011000000000001000000000010010100100010000000010000101000010010000000010000001101000
000000000000001000000000001000000000010000000001101010000000000100000101000010000000000100110000010
000000000000001000000000010011001100000000101000001000000000001001100010000110000000010001000001000
000000000010010000000000000100000000110001001000000000000001001000101001110000000101010000000000000
000000000000000000010010110001010000000000000000000010001001000000001000001000000000000000000000000
000000000000110001100000001010100000100010001100000000100000010000001110000000000100010100110100110
000000000000010100010000000110000100000000000010110001101001000100111000001000010000100010010000000
000000000000000000000101100100011000000010000101010000110000000000000001101100001000010110100000000
000000000000010100000010010100000000001000000000011000001000100000000000000100000000001000000011000
000000000000100000000101000000101000010000001001000010100010011000000000100001010001000100100110000
000000000000000000100000000010000100000000000000100010000000000011001100010001110011000010000010000
000000000000000000000001011000000000010100000000000100000100000110000000011001000000010000010000000
000000000000000100100010000000100000000101100010100110001000010100000000010010010001000000000000010
000000000000100000010001000001000110001001100000001000100100110000000000001000001000000100000000000
000000000010000000000010001100010100000010000000000000000001000000010000001000101011000000000000000
000000000010001000000000000011000001001000110101000000101010100000000110000000110000010001001110000
000000000001010000011101000000001000010100010000110100000000000000000010100000000000100000001001000
000000000001001000100000000000000100000000010100000000000000001000001010110000001000000010010010000
000000000000010000000000001100010100010000010000010110010000000001100000001000000000000000000011000
000000000000000000000000000001000100110000000100100001101000010110000011000000000000000000010010000
000000000001000010100000100001000001000000100000010000000001100010100000000000000110000010100000000
000000000000000100001000001000000100000011101001010000000101000001010000100100000000000000000010100
000000000000111000000000110000001000010001000001000000101000000110100001000000010000000000100000000
000000000001100000100000111000000000010000001101000000000001011010000000100001010101000101000000000
000000000000000101000000000000010000001010000000010001000000110000100100001000101000000000000000000
000000000010000000000001011010100000000000100010100000100010000000000000110000110000000000001010000
000000000000000100100000000100010000000001000000100011000000100100010001000001101000000000000010110
000000000001000000100001001101000000000001000000100000000100100000000010000000000000010101000000100
000000000000000000000000000000000000000000000000000000000000000000000000000000000000000000000000000
0 0
98 98