99 99
000000000000000000000000000000000000000000000000000000000000000000000000000000000000000000000000000
000000000000000000000000000000000000000000000000000000000000000000000000000000000000000000000000000
000000000000000000000000000000000000000000000000000000000000000000000000000000000000000000000000000
000000000000000000000000000000000000000000000000000000000000000000000000000000000000000000000000000
000000000000000000000000000000000000000000000000000000000000000000000000000000000000000000000000000
000000000000000000000000000000000000000000000000000000000000000000000000000000000000000000000000000
000000000000000000000000000000000000000000000000000000000000000000000000000000000000000000000000000
000000000000000000000000000000000000000000000000000000000000000000000000000000000000000000000000000
000000000000000000000000000000000000000000000000000000000000000000000000000000000000000000000000000
000000000000000000000000000000000000000000000000000000000000000000000000000000000000000000000000000
000000000000100110000000001000001000001000000000011000001000000000000010010000000000000000001010000
000000000001000000000000000010000101000000100000000101000001101000100000110100000100000001001010100
000000000000100010000000100001011000101000000100100100000000000000000001000011000000000010000000000
000000000010010001001100000100000000010101010000000101001000110010110001000000001000000000000000100
000000000010000001101000000010000000000100010000101100000010000000101000010000101000011000010000000
000000000010100100000001001000100010100000001001010000100001001000000000000100000000000001001001000
000000000000000000000100000000000100000000001011000000000000000001000000000001000010000110100110000
000000000000010001000000000001000000001100100000010100000010000000000010100000001000000001001001100
000000000010000100010100001010000000000010000100100000010010000000000000010000100000000101100011000
000000000000011000000000000100000000100001000001100100000100000000000110000100000001001010001000000
000000000000000000000001001000010000000000010100000000000110100000000000000000000100000001010000000
000000000000000000000010000000011001100000000000001010000000000000001001000010001000000100011001010
000000000000110110010001000110000000000111000000011010000010001010001000000000100000100100001001000
000000000000000010001001000000000101001000000000000000000001000000010000000101000000000000010001000
000000000000010100000100000000100001100001000010000000000000010011000100000000000001101000000010000
000000000000000001000000000000000000111110000000011000000000001000000000010110000100010000000010000
000000000000100000000110000000000010000000000000000001010000000100000000000000011000000000001001010
000000000000010000000000000000001100010000100000000000000000011001010000010000000000000110010010000
000000000000001000010000001010010110110001000000000001100000000000000000001000000000010001010001000
000000000000000001110010100001010000001001010100100000000000000000000000100010010001110001001000000
000000000000001001000000001010011001000000000011101100000000001000100000010000001100000000100011100
000000000010001001101000001001000001000000000001010000001000001010000000000100000010000001000100100
000000000010001000000001000001000000000100000010100011010100001110011011000001100000100001100000010
000000000001111000000001000000001000000000000000100001000000110000000000010000000100101001101000000
000000000010000001000000000000000000010100000100010011000001000000010001001100001010010000000000010
000000000000100000000000010000001011000000000110000000100000100001110011000000110000101010100010110
000000000000000001000001100100100101000000010100001010001000000000000001001001010000110110000000100
000000000000000000000000000000000010000000000100001000000000000010100001000010000000100000000001000
000000000000000000000000000010100100000100011000010000010010000000110100000001010010000000001000000
000000000000000000000000010000000111100000100000000001000100000100101001000010000001100000000000000
000000000000011100000001000100010100101011000000000000000010100000000000000000000000000011000010000
000000000000000000010000011001000000000000000110001000110010010010100100000100000110000001000011000
000000000000000000001000000100000000101000011000100000000000000000001010000000000000100001010000000
000000000011000010010000100010100000000000000100000000000000100000000001001110100000000001000000000
000000000000110001100000100111111001100010000000000010000000000010100100011100000000000100001010010
000000000011010000010010000000110010000100101111000010010100000000000100000000000000001101110100000
000000000000000100001000110000110100011010000000001001100001000001000001000000000100000000000011000
000000000011011010010000100000000101000000000011010000000001010101000000000010001001000100110000000
000000000000000000000000000000010010010010000000001000000001111101001000100000000000000010000000000
000000000001100010000100011100100010000000011100000000001010000000000110001000000000100100000000000
000000000010001000000000010001100110000000001100000010110000000110000100000001000000101001000100000
000000000000000100001010010000110001001000010001000001000000100000010100000000000000000000000000010
000000000000000000100010000000000000010000100010000001000011000100001000000000001010000100000000000
000000000000001111000001000001010010011000000100001100100010000000000000001000101100000000100100000
000000000000010000100000000001100000010100000001010000000000001000000010100000000100000010100000010
000000000000001100010011100000010001100000001000000000000000000000000000001001100010001000010000010
000000000001110000011000000000001001000100000000100000000001000010000000000100001010010001000000000
000000000000100000000001001001000000010000100000000100000000001010000000000100000000000000000110000
000000000000000000000110000110000000000100010010100110000011000100100000100100000000000000110101000
000000000011110001100000001101100000001000010000000000100001000010000000100111000000010100101000000
000000000010001100011011000101000000001100000001000000000100000011101000000110000110000000000000000
000000000000000010010100100001010100000010000000100000010010000000100000010000000000001000001000010
000000000000000101100000100000000000100011000010000000000000010000001001010000010000011100100000010
000000000000000000001010100010100100001100000000000001010110000000000111100100011100011000000000000
000000000000111110001000100010110010100000000100101010000000000010000010110111000000000000000001110
000000000000000000000010001000000101010001010010000110000001001000110000000000100000010000101000000
000000000001000010110000000010000000000000000000100000010000000010001100110001000100000000000011010
000000000001100000011000010101000100000101000001010010011000101000000010001001000000000000110000000
000000000010000000000000100000000000000000001100010001010000000000000010100000001000000101000000100
000000000000001000100100000000010000010000010001000000000000000000000000001000011100010000110001100
000000000000000000000000000000001000000000000000000010100000100100001100000101000010001001000000100
000000000000000000111001010100000010001000100000100100010001000000000111000010100100100011000000000
000000000000000001000001100000001001010001000000001000000001000000100000000000101010001000100010010
000000000001010010000000000001100010000010000000010000100100000000000001100011001000010100001000110
000000000000000000000001100000011100010010010000010010001100000001100001000000000010000000000000100
000000000000101000010000100000010000001001100000100010101000100001110010001110100010010000000000000
000000000000010010000010000000000000000000010001010000100000100001100000000110000000100000000000000
000000000001000000001000000010101001100000010011000000000101001001000000000001010000010000000000010
000000000001000000000010000000100000000100001000000010010000100011000100000000100000000000010000000
000000000001000010100010101000011011100100010100000000000000100000010010000000000000000000010000000
000000000001100001100000000001000000000010100100010100101000011101000001000000000001110000010001100
000000000010000000000000000011000000000001100010000100100111000001000010010000001011101101010000000
000000000000001001000011010000000001100110000000000001010100100100001001000000000000000010000000100
000000000001000010000001010000000001000000011000000000011001000000000000000011000000000000000000000
000000000001100000001000000000010011101000000110100000001000000100010010000001010100000000000110110
000000000000000000100000000001100000110100010100010000000100000010000001100100010001101010100000000
000000000000000000000011100100100000001000000000000000001001010000000100100100000000000000001000000
000000000010001100000000000000000010100000000000010000000000000100000001110000000010001001000100000
000000000000010010110100100000100000010010001110001000100001000000000100110010001000000000000000000
000000000000001000000110000100001010001100000001100000000000000000000000010010000000000110000000000
000000000001000100000000000000000001001010001001000100001100101010000010000000000100100010110001000
000000000010011001000000000001100010000100000001000000010000001100001101000101000001000000000000000
000000000000000000000100001000011011000100000000000100000000010000000010000010100000100000000000010
000000000000000000000100010111000000000010100000000101000001000010000010000001000000010100000000000
000000000000000100000000000001000000000000010000100000100010100000000000010000000000000000100010000
000000000000011000000000001000010101110000000000000010000010100100000001000100011000000100011000010
000000000000000110000100010000001000000000000000000001100000000000000001000001000100000000000100000
000000000000000100000010000110000001001010100000001000000100001100100000000000000010000000000010010
000000000000000000000000000000000000000000000000000000000000000000000000000000000000000000000000000
0 0
98 98