99 99
000000000000000000000000000000000000000000000000000000000000000000000000000000000000000000000000000
000000000000000000000000000000000000000000000000000000000000000000000000000000000000000000000000000
000000000000000000000000000000000000000000000000000000000000000000000000000000000000000000000000000
000000000000000000000000000000000000000000000000000000000000000000000000000000000000000000000000000
000000000000000000000000000000000000000000000000000000000000000000000000000000000000000000000000000
000000000000000000000000000000000000000000000000000000000000000000000000000000000000000000000000000
000000000000000000000000000000000000000000000000000000000000000000000000000000000000000000000000000
000000000000000000000000000000000000000000000000000000000000000000000000000000000000000000000000000
000000000000000000000000000000000000000000000000000000000000000000000000000000000000000000000000000
000000000000000000000000000000000000000000000000000000000000000000000000000000000000000000000000000
000000000000000010100001000000000000000000000000001100000000000000000000000010000000000010100001100
000000000010100000000000001000000000000100000000000100000000001000000001001000100000100000000001000
000000000001001000000000000101000000110010000100010000000010010000010010001000100100000000100000100
000000000001100000001100010000000000010010000100000100000001000000100000010000000111001010000000100
000000000000100100000100000010010101000000010100000010000000000100000100000001000010001011101010000
000000000000001000000010000000110000011000010011000000000000000000010101010000000100100000100100000
000000000000101000010100010000010000000000100001000000000100101010000001000000100001010000000000100
000000000010001110000000100000000100001000001100110001101000001000000100010001011000000000000000100
000000000000000000000001000000110000000000000000000000000000010100000000000000000000000000001011010
000000000000000000000001000001000110010001101100000000000000000001000000010100000000000000000000000
000000000010010000101010001000000000000010001000100000000101000011000100000101000000100001000101000
000000000000010000100100000001000000011000100100100100100000010000000000000001000001000100000010000
000000000000001010011111000101000000000100000000010000000100100001001000010000000001100101000000000
000000000000100000111001010000010000100000010001001000000000011000000000001100010000001001000001100
000000000000001100001000110010100000001000001101100011111000000010100000011100000000010000000000000
000000000001010011100000000001100100001100101001000001100000000010011100101010000000000010000110000
000000000000010001000001001000000000110000000000001000100001001000000111000000001010000000100000100
000000000000000001101000000010000011100001100000000000100100001000010000000010000000000000010000000
000000000000000100001000010000011000000001010111100000000001000000000000001010000000101100000010000
000000000000100000001010101001000010101000000000011000001000010000100000101100101100101000010001000
000000000000000001000000001000101100100100100000000000011000000001000101000000000000001010100001000
000000000010010100100000000000010110100001010000001010000010000100000000010001101000010000010100110
000000000010010010000010000000101000100011010001000010011010001001010010100000001010000000000001000
000000000000000000010000000000000000001000011100100000000001001000001010010000000000010010111100000
000000000000001010100100001000000010001000101000000100001010000001100000000000100110000000000100010
000000000000000100000110000100000010000010000000100001000100000000010000100000100110000000000000010
000000000000000000000000100000000000000000000001000000001100000100000000000001000001101011001000000
000000000001001000000110010001000001000000000000100000000000111000000100111100000000000110000000100
000000000000100010001000001000000100011000000000000000010000001100001100000010100000000100010100000
000000000001100000000010000001000000101100000000100000000001000010000000010001011000101000001001000
000000000010100011000100101000001000000000000000000000000100000000101000010000000011001000001001010
000000000001010100001010011100011110100000110000000000000000001000000000000100000000000000111010010
000000000011000001000100100001101010000000010000010000000010000000101000000000000000000001000010000
000000000000000100001100010110010000010000100010100000100011000010000001000110001000000100100000000
000000000000011000010001000101000010100010110000000100000000110000000100100000010010000101000000010
000000000000000000001000000100010000010101011000000011100110010000000010001000100100010000000000000
000000000000001000100000010000000000100001000000000000000001100000110000001000010001000000000010000
000000000000000000001010000010000011100000010000110010001000000010000110011100010000000001100100100
000000000010101000100001001000100010100000000101110001010000100000100000100000100001010000000000000
000000000001000010000000100010100000000000000011010000000100100000000000101001000110000010000010100
000000000001000000001010000011100000101100100001010101000000000000000000001000000001100101001001000
000000000001100000010010000000100010100000000000000000110010010001000001001001100000000000010000010
000000000000000001110000000100100101000000000000000000001001000100010100000000110010000111000000100
000000000001110100100000101001001000100110010000000000100000000000001000010001000000010000100000010
000000000000000000011000100000000000000000001000100000000001000010000100000010000000000010011100100
000000000001100000001110000000000000000010010000000110000000000000000001001000001000000100000100000
000000000000000000000100000010000000000011010100000010000000000000000010000000100001000000000101010
000000000010100110001011100000011000000000000000000100000010000001000010000000010100000010110001000
000000000000011110010000010101010000000000100000110000101000000010100010000000011010000000100000100
000000000010000100000000010000000000000000000000000001000010101000010000100001000011000001010100000
000000000001000000000000100000010000000110111110100001011000100000000000010100101000000010000000000
000000000001000000101000000000000101101000010100010011000100000011001000000000101101000110100010000
000000000001001010000100010001000000000001000000010011000000100001000000100101001010000000010000010
000000000000000000000000001000000000010000001100100010000001000000100000000001000000100000000000000
000000000000000100000110000000011001100000000000001110100011011100000110100000011000000001000000010
000000000000000100001010000000110000000000000001001000100000000001010000001000100100001010000000000
000000000011000100000010000010100000000011111001000011000000010001000010100000000001010010010000000
000000000000000010110000100000010000000101000000110001000000000010010011000001100010001111001000000
000000000010001000100000001001011000000000001000100001000011001100000000100010001100000001110010000
000000000000000000001010000100001000000000000000000000000010000001000010000000000000000000100100100
000000000000000001000000000000000000000000010000100100001001000000000000100000001100000000000100010
000000000000001000000000010000000000000000010100001010101010000001001000000000000010000000001000000
000000000000100001100000100001000000110000011101000000001011011011011000000010000000001010010110000
000000000000000000000001000001000100001001001000001000000000000000010010100000000000010001001000000
000000000000100010000000000001010000001100100000001001000010000100111000000000000000000000001000000
000000000000100000000010011000010001010010011000010111000000110010000000000000101100100000000000100
000000000000000100010000100000000001111000100000000000001000000100000000001110011000010101000001010
000000000000110000100001000000000000100100010011100000000010000000000101000000000000001000100001000
000000000001000000100000000000000000000100010010000000001001101000001110010000000010100000000000000
000000000000010000000001000110000000000000001100100000000010000000000100110010101000001101000000010
000000000000000010000000000010011010010000000000010000000000000010101000000010001110000000000010000
000000000000101010000101000010001000000001001001000000010010000100000011010001010010100001010100010
000000000001110010010000100000010000000000000001001010010000000000000000011000000000000001010011100
000000000000000000001001100000100001011100100100101011001100100101010000000000001000000000000100000
000000000000001000011010000010000000000000000111011011100000000001000000010000000001001100100001000
000000000010010000000000000000000000000111011000001101001001101000000100001010000000111000000010000
000000000000000000110000001001100000000000100001000101100100000001100011100001010000010001000000000
000000000011100000001010000000100101010000000001000000100000000000000000000000010000001010001101010
000000000010000010000100001000000000100000000000100001100000000000000001001000001011000010001000000
000000000010000100000010000000011010000010000010100000010000011010010000001010000011000000100011000
000000000001000000101000000010011000010001000000010000000111000000000000000000000010000000010100000
000000000000000000100001000000010001000100001000100010000000000000000000000000001110000001000000000
000000000000100010010000100110000001001101001000000000100001000101000100000110010010000100011000000
000000000000000000011000100000101000000000000000000010000000110011000000000010111000100111001010000
000000000011100101000100101101011011001000100100100001000010000000000000000000001000000000010010000
000000000001000000000001110001000000000101000100101000010000000000000000001100101010000001010011000
000000000000000010000000000000001000000000000000001110101001000010000000010100001001000000011000100
000000000010000110011110000000000011100100000010000000001001100000000010100000001000000100100000000
000000000000000000000000000000000000000000000000000000000000000000000000000000000000000000000000000
0 0
98 98