99 99
000000000000000000000000000000000000000000000000000000000000000000000000000000000000000000000000000
000000000000000000000000000000000000000000000000000000000000000000000000000000000000000000000000000
000000000000000000000000000000000000000000000000000000000000000000000000000000000000000000000000000
000000000000000000000000000000000000000000000000000000000000000000000000000000000000000000000000000
000000000000000000000000000000000000000000000000000000000000000000000000000000000000000000000000000
000000000000000000000000000000000000000000000000000000000000000000000000000000000000000000000000000
000000000000000000000000000000000000000000000000000000000000000000000000000000000000000000000000000
000000000000000000000000000000000000000000000000000000000000000000000000000000000000000000000000000
000000000000000000000000000000000000000000000000000000000000000000000000000000000000000000000000000
000000000000000000000000000000000000000000000000000000000000000000000000000000000000000000000000000
000000000000111010001100000001011000001001000000100000100000000001000010010000000010000000100101000
000000000000111100110100010001110000000100100101000100011000000000100000000010110000010000100010000
000000000000010000000000000101000000000000000000100010010000010010100000000011000000011000010010000
000000000000000001000010100010000010000000100000000000000000000100000010100000101000001000000100000
000000000010000000010000001001001000100000001000000000000001001000000000100000001010001000000011000
000000000000001010011000000110000000000000001001000000001001100001001000000000000000110000000000000
000000000000000000000100001000010100001001000000000000100100001000011000000000100001100000100000000
000000000000000000111001110100010000000001010000011000001000110000100000010100000010101000011000000
000000000010100000110001100000000100000000000000011000001000000000000111011011110000110010011000010
000000000001010100100000000000000100000010000100010010000000000100001000101100000010100000000011000
000000000000000100100000001000010000000100000000101000000001000000001011000001000000000000001001100
000000000011000000001000010000010110000100000110100100000011000000000010001001000000011001100011010
000000000000000111000010100000000100100000000000100000000000000000000001110000000010101000000001000
000000000001000000000000000010000000000000100000010011011001100000000001101000000000000001010100000
000000000010000000000010000100000010000010001000000000000000100000010001011100000000100000000000010
000000000010000010001101010100010000010000000100000100100000010000000100101100000000010010000010000
000000000000100100000100010000010001000010010000001100001010011000001100011000000000000010000010000
000000000000001000000100000010100010000001000010000000000100001000100100010000000100000000000010100
000000000000000000000000001100111010100010010000000100000000000001011000000000001000000100000000010
000000000000010011000100101001110001000000010000000111110001000100010000100000100100000000011000000
000000000000100010010000010000000000001000000000001000010100001000001101000001010000101011000000000
000000000000011100100001000101001000010000110010000000100000100011000000000000000000000010000001000
000000000000100001000100001100010000100000000000100001000100000000001010000100011100100001000000100
000000000001000001000010100000000010000001010101000000000001100000000101000000000000100000000000010
000000000000000010000000000000000000000000001001000000001100000001000001100100000001010010000110010
000000000000000100000110000000000100000010000010000001100001000000000110000000010000000000000000100
000000000000000101000110000000000001110000110001001011010000000010000000000100110000100001000100010
000000000000000000000001101000000100110000011000000100110000000001100000100001000110000001000000000
000000000010010100000100110001010000001010010011001101010000000000001100000000100000000001010100010
000000000000100000001000000000000001010001010010001000000011100000010101100000000000000000100010100
000000000010100000000010001000100001000001010001011010100000000000000000001000000010000000100011010
000000000010000010010000001010001000000100000000000100000000000001000000101000000111000000100001000
000000000010000000010000000000101000000100000000000000111000011000000100000000010100000000000100000
000000000000000001100000100000100000000000010000100011100010000000000000000000001011000100010100100
000000000000001000000100000000000000000001000010010000000010000100000010000010000000011001100001110
000000000000010001100000010000010000001000001000101000101100001000000000000000000001100000000000000
000000000010000010001000000000000000000001010101000000000100000010000000010000000101001110100001000
000000000011000000000000100000000001000101000001000110000100000000010000000001100000000000000100000
000000000000101001000100000000001011000000100100011000000000000110000000010000000000100000010000000
000000000000000001000100000000000001000001000000010000001000000000010100000100100010000000000000000
000000000001000100000000001000000100000000000000100000000000000100001000011010010001100000000011000
000000000001001000100001010000110100000000000000011010001000000000010000000000001010000000000001000
000000000000000000100110100000101100101000001010100001000000010110000100100000000000001000000000000
000000000000100001010010000111000000001001101000001000001010010000010000010000001000000010000000000
000000000000000000100000100000000111000000000000000010000000000000000000000011000000100010000000000
000000000000000100000000000001000001101100100000000100100000010000010000000000000000011100011010010
000000000000001001010000001000100100011000000101111010000001000010000000000000000001000000000001000
000000000000000000000000000001000000001000000000010000001100001000110000000001000010000000110000000
000000000000001000000010100000000000000000000000001000100001000010010100000000000000000100000011000
000000000000010000100000000101000100010100000011100000000001000000101000000001010000000000000000000
000000000000000000100010000000010001000000000000111010001000000000000011000000000000000000000010100
000000000000001000010000000100100011010000000010100100000000010100100100100001100110010100110100000
000000000010110010000000100000101101011110101010001100100000000000000111010000010000001110000000000
000000000000110000100000000001011001000100000000100001000000010000000000001001010000000010100000010
000000000000001000001100100001100100111000011100000000100000100000000000000000000010000000100000010
000000000000000110110010000101010000000100001001110000000010000000100101010000000001000000000000000
000000000000000000000000000100100000010011010100110000100000000100001010000000000100000000001001000
000000000000100000100000010000001000010000100000000001100000000100000000000000000000000000110010000
000000000010001000100000110001000000010000100100000000001101010001001101010000000110000000000000000
000000000000100000010100000100000010001001000010000000001000011000000000000000000010000000001000000
000000000000001000010010000100010000000000001100010001010000000000000001000000100001111110100000000
000000000001000101100100011001100000010000010111000000000000000000000000001100000100000001000011000
000000000001000100010100000100101001000010000100001000001000001000100100010100000000001000010010000
000000000000000110000100010110001111011000000000000011010000000000000011000000000010000000000010010
000000000001000000000000000010000001100000000001001000110001000000100010000111000000000010100000000
000000000000010000010000000000000000001101001001001101000000000000010110000001101000100001000100000
000000000000010110000010100001001000100010011000000000101010001000101000000000000000000001000100000
000000000000010100110000101000000100001110010101100010100000000000000000010001010000010000001000000
000000000000110000000000010000000100000100100010000000110100000000000000100000000100101010000001100
000000000011000100000001010000001000011000000100011000100000001000000110000100000000000000010001000
000000000000000000010010100000000011100011010000100001000010010100010000100000010000100100101100000
000000000000100001000000101000000000000101000011010000100001000010100010000010000000110001010011000
000000000000100100000000111000000001010000010000110011000101000001000001001010010000011000000100000
000000000000011000000000000000100000000010000010000000010000001000000001000000100001000100001000000
000000000011110000001101001000000010001000110100000100010000100100000000000010010000000000100100000
000000000000100100000000010100000101000010100001100000000110000000000001110000110100011000000100010
000000000001000000100000001000010000010001001001010000000000100010010000000000000010000100000011000
000000000010000000000011100000010100001000001000000010100010000000000000000000011000000001000100000
000000000000001001000011000001010000100101000000000000001101001000000000010101000100000010100000000
000000000000000101001100000000100000101000000001100100000001010010000001000000001000000111000001000
000000000000010000000000000100000001000001010000101010000000100000000000000000100000000001000100000
000000000000100100110001000011000011010000100000000000010100000001000000100001010100001000011000000
000000000000000000001010010001000110001100000000100000001101000010000010000000000000000011000000000
000000000000001000101100000010000000100000110000100000000000000000001000010000000001000000000000000
000000000000010000001100000000000000000000010000000001100000001000000000000000000000000100100010010
000000000000000000010001000000000000000011000100001000000000001000000100001000000101010001001000000
000000000010010000010100000110000000010000101000100000000000000100101000000110001000001000010000110
000000000001010010000010000000000001000000000100001100101000111000000000000000010000000101010010000
000000000000000000000000000000000000000000000000000000000000000000000000000000000000000000000000000
0 0
98 98