99 99
000000000000000000000000000000000000000000000000000000000000000000000000000000000000000000000000000
000000000000000000000000000000000000000000000000000000000000000000000000000000000000000000000000000
000000000000000000000000000000000000000000000000000000000000000000000000000000000000000000000000000
000000000000000000000000000000000000000000000000000000000000000000000000000000000000000000000000000
000000000000000000000000000000000000000000000000000000000000000000000000000000000000000000000000000
000000000000000000000000000000000000000000000000000000000000000000000000000000000000000000000000000
000000000000000000000000000000000000000000000000000000000000000000000000000000000000000000000000000
000000000000000000000000000000000000000000000000000000000000000000000000000000000000000000000000000
000000000000000000000000000000000000000000000000000000000000000000000000000000000000000000000000000
000000000000000000000000000000000000000000000000000000000000000000000000000000000000000000000000000
000000000000001001000000001000000011100000010000000000010000000011000100001011100000101000110000110
000000000010000000011101001000001001100000000000001100000000000000000000000100010000100000100000010
000000000010000011010001000000001000001000010100111000010000000011001101100100000100000001110110000
000000000001000010000001000000000001000011101010011000001001100000000000000000000000100010000011000
000000000011000000000010010001000000000000000100100101011100001010100000100000100010001000100000000
000000000000000001100000000010100000000011101001001000110001000001000000100001000001000000010000000
000000000000001000100000000100000100100000001000000000011010000001011010000000000100001100000100010
000000000000000000001001000011100001000000000000000011001001010011001001000000001000000000000000100
000000000001010000010000000100000000000000111100000010000000010000010000000001001100010001000000000
000000000010000110000000000100011000001100100000000001000100000000000000010100000000010000000000000
000000000000011001111000000010000010011000100001000000010000000000010000000000100000000110001010010
000000000000000110101000000000000000000000000000101000001000001000010000000000000000100001100000100
000000000000000000001000100000000000101000000000000010000000000001100010000001010000000001001010000
000000000000100101100000000000000100000010000001000101000111000000001000000000001100100100001001000
000000000000000001100010000000000000000000000000000000100100010010100000101100111001000000101001100
000000000000001000000000001001000100100011000000001000000001100000010100000001000000000000000000000
000000000001001010000000010100100001001001000010000010001101001000000100000010000010001010000001100
000000000000010000111000000000000000000000000000000000001000001001000011100000100001001000000000000
000000000011000000000010000100100011000000000000000000100010010000000000010010001001000000000000000
000000000000000000000000000000100000100100010100011100001000000011000000000000101001000000100100000
000000000001001100000000000001100010000001000000110100100100000000000000000010010011000001000001100
000000000011000101000000000011000000010100010000000110100000000010000000001000000010010000101000010
000000000001100001000100001000000001011100100010010000000100100000000000000110010000110000100100000
000000000011001100000000001000000001000010110000010000010100010001010001001000000000100100000001000
000000000000000101000000000100010001000000010000001000001100100000000000000101000100100000001100000
000000000000000000101110000000100010101011010010001000000100101100000000000010010000001001010000000
000000000000001001010000100000100000100000000010000011000010100000010000000000100000000100011000000
000000000000000000101110000001100010001010000100011101000000000100000100100010000000010000010000000
000000000001010001001000010001001010000000100000000101000001000000010010101101000000110010001000010
000000000000000010110100000011010000001001100010001000110110001001010100010000000000001010000000000
000000000000000000000001000101000100100000000000100000000010000100010000101000100000000101110000000
000000000000000000010110001100000000000010000001001000110010010000001001000000000010000000000000000
000000000000000010110001000000000000110001000010101000000000000000100000000010100010000011000100000
000000000001000011010000000000100000010000000101100000000001011100010000000001100001010100011000010
000000000000000000010000001000000000010001001000010000000010010001000000000100000000000010101000000
000000000001000000001001001000010000000000000100000000000000000000000010000001001000000001101000010
000000000001000101100000000000000100000111000100000000000000010000000000001001100000001000000001000
000000000001000000001011000000001000000001000000000000000000100000000101000000000010000000000000100
000000000010010100000010010110110100100001001010000001000001000010001100011101000101000000100011000
000000000011001001000000000111000100010000000000100001000010000100000010010010000000000010000011000
000000000010001110000000000000000000010000000000010000101100111000010000000000000001000100000100010
000000000010100001010001000000000000100100000000000000100001010000100100001010010010000000010000000
000000000011000100010000010001000001010000010000000000010010001010000010000100000000000100101000100
000000000000001001001100011000011000100000000010000100000010100110001000011001000000000000100000110
000000000000000000110000000000001100100101000001000000000000010000000000000101001000000000000000000
000000000001001010011001000001000000010000110000000101000011000000010000100000010100000000000000000
000000000001100100000000001000001000000100000110010000010100100000010010000001000000100000001001000
000000000000100000000000000000000000001010001000100001000000000001000000010010000100100011000000000
000000000000001000000000000100000000001001000000100001000001101101000000000000000000000000000000000
000000000001001100100101001001000000110101000000001000000001100101000010000100000001100000000000000
000000000000010011000110100000000011010000000000000000000001000000010000010000000010000010000000000
000000000010100000000000000011000100000101100010000000001011000000000100000000001101000001001000000
000000000000000010100000001000000001000001110000100011001000000011110010000000000001001100100000000
000000000001000100000000000000000000100000101000100000000000000000001100100000010000011010000000100
000000000000000100000001101110000100000000000001100000010001010011000000010000000000000000010000000
000000000000000001000001000010010101011000011000100101010010000000100010000000001001010000010000000
000000000010000000011000000010100000010001100111000010101000010001000000100100100001000000010000100
000000000010000000001001000010100110000110000010011000010000000001001000011000000000100000000000000
000000000001001000101000100000100000010000010100000010000001010001010000010000000000010000000100000
000000000000000001000010000010100100110001100000010100000000000000000000010000100000100101100100100
000000000011011100010100100000010001000101100001000100000011010000100100000000010001000011000101000
000000000000011000100110001001001010010011000000100100000000010000000000010000110001000110000000000
000000000011101000000010000101001000010110000000000000100100100001000010000000000001000010001001000
000000000000000000000010010000001001010000000100100000001001010001000000000000011010010110010000100
000000000000010001000000001000000010000001110000000010001000000000000000000001000000100101000011010
000000000001010100001010000000000000000000000001000110000001111000100000000000000000100000010000000
000000000000000100100100000101100000000010000000000000100100001000100000000000100010000000010010000
000000000001000000110001000000001010100010000000000000010010000000000000000000000000100100110000010
000000000000100011110000100000000001111100011000000100000010100001000000001100000000000000001100010
000000000000100010001001100011000000000010000100100000000000000000010100100100000000100000001000010
000000000011100000000001000000101000001000001100000000000100000000000000000100000001100000010000000
000000000001000000000000000000001000100000101001000000011000000000110000000001000000011000100001000
000000000000110000000000000100001010001000000000000110000000000000100000110000100000011010000000100
000000000000000000000001001000011000011001000110000000100001000000100000100100000010000000000101000
000000000000000100011100000000100000000000000000100100000000000010000110000010010000101000000001000
000000000000000001110001010100100000000001100010000001000001000000100000010000000000000001001011000
000000000010010000010001101000000011000010000100000000001001100000001010000000100000000000000001000
000000000011000000000100001000000001010000100001000101100100001100110001000000001000001011000000100
000000000000000000000001010001001000000100010001000100111011101000001001001100000010000000000011000
000000000010001000000000000100000010100001101001101001000000111100101100000010000000100000000011000
000000000000110010100010000000000000000000000000000000000000001100001100100000011000001000000101000
000000000000110001000100000001100000000000010010101000101000010000010000000000100010000000000001000
000000000010100100000000000100010000100100000100001000000001000010000100000110000000000000100000000
000000000000001001000000000000100010000001000000001000000001000001011000000000010010110000010001000
000000000000000000000001000010000010000000110010000000000000000000000101000001101001100011000001100
000000000000001100000001001001000010000100000000001101001100010010100000001001010000001001010000000
000000000000000010000000000101011000100000000100000000110000010010000000000000000100000001000110010
000000000000000000000010001000000100001000001000010010000000110000000001000000110100000000000000000
000000000000000000000000000000000000000000000000000000000000000000000000000000000000000000000000000
0 0
98 98