99 99
000000000000000000000000000000000000000000000000000000000000000000000000000000000000000000000000000
000000000000000000000000000000000000000000000000000000000000000000000000000000000000000000000000000
000000000000000000000000000000000000000000000000000000000000000000000000000000000000000000000000000
000000000000000000000000000000000000000000000000000000000000000000000000000000000000000000000000000
000000000000000000000000000000000000000000000000000000000000000000000000000000000000000000000000000
000000000000000000000000000000000000000000000000000000000000000000000000000000000000000000000000000
000000000000000000000000000000000000000000000000000000000000000000000000000000000000000000000000000
000000000000000000000000000000000000000000000000000000000000000000000000000000000000000000000000000
000000000000000000000000000000000000000000000000000000000000000000000000000000000000000000000000000
000000000000000000000000000000000000000000000000000000000000000000000000000000000000000000000000000
000000000000010010000100000000000000000000000000000110001101001010000000100100000000010100000001000
000000000000110000010011001100010001000010100000101000000000100000000001010110000000000000000011100
000000000000011010000010000001000001100100110000001000000000000000010001010000010000000001000000000
000000000000000001001000000100000001000010001001100110101100011100000010010001001000100001100000100
000000000000000000000000000110001000000000001010000000010010000000010010000000000000010100100000000
000000000000010001000000000010000000000010101000100000000010011000100100000000110000100101000000010
000000000000010100000001100001100000010000000010000000000000010000000100000000100000000000000010000
000000000000001100000000011010000000000100010100000000000000001000000000000000000000101100000000000
000000000000000100010100011000000000000000011010000010000000100001100101100011001000000000001000000
000000000000000010011000010000100010010100000100000010000100000000001010101001010000000000100000000
000000000000000000000100000110000110101000010000000001010000011000001000000001000010000000011001000
000000000000000010010000001010010101110001010000101001000000001001000010110110010101000001001110000
000000000000001000000000000000000100001011001000100000000000101001000110010110000101000000101000000
000000000010001010001000000000000000000000001000010000101000100000001001100001100000100001001000000
000000000000100000110110000000010010000100010001000000100000000100101000001011000000000000000101010
000000000001101000000100100000100001100101001000000100000001100010010100010001100000001000001000000
000000000010010000001000010101010100000000000011101000110011000000000010100000000000001010001010000
000000000001000000000000010110000000001000010000001100010000001000000000100001010000100000001100100
000000000000010001000000000000100010101000000000000111011000011000100000100000000001101000000010000
000000000000000001000000100000000000100001000000001000000101000000010100010000100001000000100010100
000000000000100100000100000001001000000001100000000010000000000000000010010000000000000000000110000
000000000000000000010000000000011000000000000000000100010100100000000000000000000000000000000000000
000000000000000000000001000000110000000000000000000000101011000100001100101000001000000010000000010
000000000010000000000000010000000000000000010000010000000100001010010010000000100010100001010001000
000000000000010001010000101000100000000001000000000010100000001000111010010001000000000001000001100
000000000000000100000100000000001000000010010100000000001000000011100010000100001000100000001001100
000000000000001000000100000000000000000000010000010000000001000000000000000000001000000100100000000
000000000010000000010100000001100010101100000000011100000000000000100100000000100010011000001011010
000000000000010000010000000001010000000000000000110000010001100000010001110111000000000000000100000
000000000000001110000001100000001000110000001010000111000010011000101110000010000000100001100110000
000000000000010000000000001000100110001000010101000000000000001100000001000100000000111001000000000
000000000001010000010000100010010100001000000010000010000010110001100100000000100000100000000000000
000000000000100100000000011101000010100000000000000010000001010000100000001001000000001100000000000
000000000001100000101000110000000100101110100010000100010000100000100001000001000000100001000000000
000000000000100000100000000100100000000000011001100000000000100000000000100000000000101101000000000
000000000000100001001010100010011000000000000000000000000001000001100010000110000000010000010001000
000000000000000101010000000101001100001010101101010000001000000000001000100000110000001100100000000
000000000000010000001010000000010001010000000000001001101100000000000000100000000001000010000010000
000000000010000100100000000000000110000000010000000000111010000010000000000101000000000010000000000
000000000000000010001000111000101100000001101001011000000100000000000000000001010000000000100010000
000000000000000001010000011001100000000000000101000000000000100000001000000000000001110000000010000
000000000011100010000000001001000000011100001011000010000100000000100000000000100000100000101001000
000000000000100011000000010000100100000010010000000001000000001100000000000000100011010010000100000
000000000010100000101011000000000000000000000010110000011000000000001010000000100100100000000001100
000000000010000000000000000000000010001000011000100010000010000000100010101100100000000001010100000
000000000001010010010000011011010010101000001000000100001010100100000010100000000010000000001001000
000000000000000000000000000100100000000010011000000000010110001000000000010001000000101011000000000
000000000000010000001000101000000000001100100001000000000000000000000000000011001000000000000010000
000000000000100000000001110000100100000000010000000000001100000000000000000011000100001000000000100
000000000001000001001000000110000000010100001100000001000001001000000101100000100000000010010000000
000000000000000000000100000000000010000000001000110010001001101000010000100001010000101000110010000
000000000000000000000000001100100110100000100010000100010000110101000000000001100000011000000000000
000000000010001000000010010000100101010110010000000100001001000101010000000000000010100001000000000
000000000000000001001011100000010000000000001000000001001100001000000100000000000000000000000100000
000000000000000001000000000000000010000100000011100001000000000000000000100000000000110011000010000
000000000000010001010000000000100000010000000000000010000000100000010110000011000100110001000101010
000000000000001000000000000110000000011011010000000000110010000100000000000000000000110001001000010
000000000000001001000001100100001000000000000000010000000001000000000000011000000000000011000000000
000000000000100001000000001100010000000000110010000110100000100000110000010000000001110000001011010
000000000000100100011000000001001010000001001000000000010110100100100100100010001001001011110101000
000000000000010000000110000100000000000010000100001100000110100000001001000001000000001001000100000
000000000001001000000101000010010000000000000100000001000000010000000111000000011000001000000010000
000000000000010000000000001000000001000000000101000000001001000010000000000010001001000000000000000
000000000000010010000000100100000101010000000101001000010101000000000100000000100100000000001011000
000000000000000000100010101110100010101100000000000000000110001000010000000000100000000000000000100
000000000001000100100000100000000000000000000010100110001000000100001001010001111000111010000000110
000000000000001000000000001000000000000000001000010111100000000000000000000010100110001100000100000
000000000000000010000000000000000001100000000001000000100101000010100000010100000000000100001001100
000000000010000000000000010000001010001100000001000000001000100001010000000000000001010000010001010
000000000011000101100000001100011000010001001000001010000000000000000000000100100010000000010100100
000000000000000000001011000000010000000000001010110100110100000001000000001100000100000010000000010
000000000001110111010000001001110100100000010001000100001000000000000001000011000111000000100010000
000000000000000000000000000000100100100011101001000100100010100000000000000000010000000100000100110
000000000000000000010000000000001001000001001101100000000000000010000010000100000000000101000010000
000000000000000010000000011001011100000000100000000000001101000000001010010001100011001100100000000
000000000000011010100100000000101000000100001001000010101000000000100000000000010000011000011000010
000000000001000000001100000000010010111010001001011000000000000001011000000001100101000000000001100
000000000000000010001010000000100010001000000000100010000010000000110000000000010100100000000000000
000000000001101000100001000001000000000000000000101101000000000100000011100100000000000100010111000
000000000000000010010100001000100001100110100000001000001001000110100100000000000000000010001100010
000000000000000000110000000010000000010000000000001100010010000010010000000100100000100000000000100
000000000010000000101000001000010000100000001000111000000000000010110000000100000000000000001011000
000000000000100000000000000010110010100000100010100000000000000000000000000001000010000000111001000
000000000000011001000110011100000000001000000000010000000110000000010000010101000011000000001001000
000000000000000000111000101011000000000000100000000010000010001000100000001111100100100000010011000
000000000000000111000111110100100000000000000001000000000100000101100000000000000000000010000001000
000000000000100010100000000010001000000000001010010100000011000001000000011011000000001000000001000
000000000000000000001001010110001000010001000000000010101011011100000000000000000010001001011010100
000000000000000000000000000000000000000000000000000000000000000000000000000000000000000000000000000
0 0
98 98