99 99
000000000000000000000000000000000000000000000000000000000000000000000000000000000000000000000000000
000000000000000000000000000000000000000000000000000000000000000000000000000000000000000000000000000
000000000000000000000000000000000000000000000000000000000000000000000000000000000000000000000000000
000000000000000000000000000000000000000000000000000000000000000000000000000000000000000000000000000
000000000000000000000000000000000000000000000000000000000000000000000000000000000000000000000000000
000000000000000000000000000000000000000000000000000000000000000000000000000000000000000000000000000
000000000000000000000000000000000000000000000000000000000000000000000000000000000000000000000000000
000000000000000000000000000000000000000000000000000000000000000000000000000000000000000000000000000
000000000000000000000000000000000000000000000000000000000000000000000000000000000000000000000000000
000000000000000000000000000000000000000000000000000000000000000000000000000000000000000000000000000
000000000000000011000000000000000000000011000010000000000000000000000001010000010000000000010010100
000000000001011000100010000100010010101110001000100100110000010000000000000101110000000100001001000
000000000000000000100010000000010001000000100001000000000001000100100100000000000000000011000000000
000000000000011000000000100000000100010010000001000000000100001000000000010100000000100001000001000
000000000000100000000010000000000000000100000000000100000000001001010000100000001001000011000101000
000000000000000001100010101001000000001001001001001010100011010100000000000000010000000000000000100
000000000000000000000010000100010000001010000110100101000000000000110000000000000110000000100000000
000000000011100000000000000000000100000100110001001000101010000010000011001010110000001001000100110
000000000000100101000000000100000111000000000010000000001110101010000000001000000101100110000000010
000000000000000000001001100100000010100010000000000000000000110000100000100010100000010000000000000
000000000000100000011000010001000010001001000001010001000000000100000001010000010000010000000000000
000000000010000000000110000011100100101000000001000000000000010000001010000100100010000000000010000
000000000000100110011000000000010000000100100000000101111000000000000010011000100000000000000000100
000000000010100010100000000000000101000100000001010100100001100100010000000110000000000000000010000
000000000000010110000000000000000001101000010100001100000000000001100000011000000000000000010010010
000000000000000000000100000100010100010100000010101000000001000100100010001100010000001100000100000
000000000001100000000100000110101000100000001100000000010000011010000000010000000010000000000000100
000000000000101100001010110100010000100100100100110010000010000001000000000000000000000000001000000
000000000000000000000001000001001000000010100001001001111010000000000000011000000000011100000000100
000000000000000001000010000000000000100011000001000000000100000000010000000100001010000000000001000
000000000000000000110110000000000000000000100000001000000110000000010100110000000110100100000000010
000000000000101000010001100001000000000000001001000001010001000110000111100000100001100000001001100
000000000010010000001000100010011000101100010001001000100000010010000010010000000011011100000010000
000000000000010000000010001000000001000100001000101010000010001000000000101000000000001000000000010
000000000001000000000010000000100000010100000000000001001100100110001000100000000001010010100000000
000000000000001010000000000010000000010000010000101000100000000001001000100000000000000010110001000
000000000000000011010000010100100000000010010000000000000000000100010001000000100000001000010001100
000000000000011000001001000000001100000000000000000000000000000001000000000000000000000001000100010
000000000000000100110000001110000000010000000000001000000000000000001001001000000000000000101000000
000000000000001000000000000010000000001000110000100100000010011001110000000000100001000100000011000
000000000001000000001000000000100000000100000001000001000101010100010010100100001100000100000000000
000000000000100000000000000000010010001010000000010100000000001000000000010000000000000000000000000
000000000001001011010000000000000001111000100100001000101000010100000001001000100011100100000100000
000000000001000101000000010100000000000000010100000010010010000100000000000000110000010000100010000
000000000001000001001000000001000000000001000000000101000000000111100000000000010010100010001010100
000000000000001000010000001000001011010000001000100110001000000001101100000010000000001001001000100
000000000011110001000000000000011001001000000000100111000000100001000100000000000000000010010100000
000000000000000000110000000010010010101000011000000001001000001010000001001010010010101000000000000
000000000000000001000000000000000000000010001000000000000001000000001111100010110000000001000001000
000000000000000010000000000000000100000010000101000010010100010001101001000000000100000000010000000
000000000010100000000000100000000001000010000001000000000000000011000001001001100000110001000000000
000000000001001000100010000000000001001110000000000000100001010000001000000001000000100000000010000
000000000010000010000000100100010000000011101000000100000000101000001000101000000001000000000010000
000000000000010000000101000110000000000000000001101000001000010001000100000000000000010000101000010
000000000000000001000010010000000000010001000000000000010110010000001000000000000011000001010001000
000000000010101000000010000001000000000000101000000000000000010100010100000010000100001010001001000
000000000011000010011101001000010000100010000000000100000000001000000000010000100000110001100000000
000000000000000101000010000011001000010010001000010001000101010010000100010100000000010001000000000
000000000000100110100000000010110100000000100101000010000010000001001001000001100000000001101010000
000000000000000100000000001001001000000010000000000000000100000100110101000000100001010000100000000
000000000001000011001001110000010101001000000000000010010000001010001100100000100010100001000100010
000000000010010000000100000010100011000000001001000000000100000100000000010000010000001000010100010
000000000001000000001101110000100000100000000001000100000000001000000010000000010010000000011010100
000000000010000101001000101000010001001100000000000101100000000001111000100000010000000000100010000
000000000001010000000100100000010000010000100100000000000111000111110011000000001000001000100100000
000000000000100010001010000001000100011010000000001000000000000010110110000010000000100000010000000
000000000000000000000000010110100000000100100000011101011100000100000010010000010100100000101000000
000000000001000001101100011010000000110110000011000001000001000000010011000001100010100001001100000
000000000001100010000010001000100010000000000100001111000100100100000000000000010001010000110100000
000000000000100000000000000001000000100001011000100010000010100000000000000000000000000001000000000
000000000000000000000010010100000010000010110101000000010000110010000000000000001000000100000100000
000000000000010000000000010000000001001010000010000000000010000000010000100000000010010010000000000
000000000010000100000000000001001000000010010000001010000000000010000000000001100000000000011001000
000000000010010000001000000000010011000000100000000000100000010000000001000001010000000010000010000
000000000000100000010100000000000000010000001000000000000000000000011000100011000000000000000100000
000000000000011001000000000000000000000000000000000010000000000010000011000000000001100011000000000
000000000000011011000001010010010100000000000000000100100000011100100000000001101000000000000101000
000000000000011001000010000001010100010000110100010010100101100010001011000010011100000000010010000
000000000010000011000100000100000000010011000000001010010110000000000000000000000000001000001000010
000000000000000000001000000000000000000100001011001100000100101000001000001000001010000000000000000
000000000000000000011000000000000001001000000000100000100000000001000000000000000000000101000101000
000000000000010011000010010001000010000010000010000001001001000000110000000000000100000000001000000
000000000000101010000000000000000010001100001010001100001000010000000100010000011010101101010000000
000000000011100000001100000000000100000000001100010000000000100100000000010011000001000010101000000
000000000000000000110000000000100000010000011000110010010000000000000000010000001010000000000100000
000000000000000000000000000110100100000000101110001010111000000010010000000010001000000000000011100
000000000010000000000000000000000000000000000100100001100000100000100000010000001000001000000100000
000000000000000001000001000111000000000010000000100000110111000011100110111000100000001101010010000
000000000000001000001000000000000000001000000010110000001000010010000001011000001000010000000000000
000000000010010010010000001000000000000000100000000000000100111001000000011000011000001010000000000
000000000000000101000000010000100010000010000101000000000000100000000100100000001100010000000000000
000000000000100101010001010000000101000000000010010100011000101010010100101100000010000111001000000
000000000000010011000000001100000100100001011000000010100000000010000000000010000000000010010001000
000000000000000000000001100000001001000000001010101000000100011011010000000101000101111000001100110
000000000000000100001101000000000100100000000000110100010000000010001000100001010000000011001000100
000000000001010000000001110001010000000000001000000000000001000000011100100010000000001001000001000
000000000010011000000010000000000100010000000100110000000000000000000000001000000000100001000101000
000000000000100010010100100000100011000000010001001010010100000000000110100000010000101000010010000
000000000000000000000000000000000000000000000000000000000000000000000000000000000000000000000000000
0 0
98 98