99 99
000000000000000000000000000000000000000000000000000000000000000000000000000000000000000000000000000
000000000000000000000000000000000000000000000000000000000000000000000000000000000000000000000000000
000000000000000000000000000000000000000000000000000000000000000000000000000000000000000000000000000
000000000000000000000000000000000000000000000000000000000000000000000000000000000000000000000000000
000000000000000000000000000000000000000000000000000000000000000000000000000000000000000000000000000
000000000000000000000000000000000000000000000000000000000000000000000000000000000000000000000000000
000000000000000000000000000000000000000000000000000000000000000000000000000000000000000000000000000
000000000000000000000000000000000000000000000000000000000000000000000000000000000000000000000000000
000000000000000000000000000000000000000000000000000000000000000000000000000000000000000000000000000
000000000000000000000000000000000000000000000000000000000000000000000000000000000000000000000000000
000000000000000100000000000100000000110000100000000110010100000000100100000010011010000100000100000
000000000000000001100000011000000000000000000010000000000101000000001010001000000000000000000001100
000000000000110100100010000001000010010101000100101000100000000000100000000000000100011001000010000
000000000000001010010100000000000000100001001100000000110110100000001100000000000000000000011110010
000000000000011001110010000110000110000000000001000001001000000000000000101010100000010010001000000
000000000000000001001000101000100000111000001000000000001000001011101001000000000011010100000000000
000000000000010000001000000000000001000000000010001001000000001110000000000001000000010100000010100
000000000000000000100001000010100001001010101000010000100000000010001000000000000100001000000000100
000000000000001010110100011101011001000100001010000000000000011000001101000000001000100100010000000
000000000010000000010101001000001000010100000000000000010000000000000010000000000001000000001000000
000000000000100000001100000000000010100000001100110110011000000000000000001100100001010000000000000
000000000000001001000000001011100001000100100100000100110001101000000000000000011000000000000000010
000000000010000000000100000000100010000010100001100010001000000010010000001010000101001000000100000
000000000000000000000000000000000101100000000010000000000000100000010000000011001010000010000000010
000000000001111100100001000010100000110011000001000101000100000000000100100000000000000100100000000
000000000001011000000000010000000000101000100000000001011000000000001010000100000001000010100110000
000000000000001010000000001000000001010010000000100100010000000000000001100000001001100011110000000
000000000000000000000100000000100000010000000000101000100000010000011000111001000000000000010001100
000000000001000010000001000000000101010000010001010000000110000001000000000001100000000010100000000
000000000010001000000100110000000011000010001010000001000010010010100000000010000100000010000010100
000000000000000000010001100100000010001000100010000010000011000000000000010000000001000100000010110
000000000010000000000001000100011101001000011000010000000011000000000101000011011100000010011000000
000000000000001000000000010000000100000010000000000000100000000100001000100000100000010000100000000
000000000000100000001001000100100001000000010000100000000001000000000000000000000010000101000000100
000000000000001000000000000000000000100000000000000000000100000000001000000010000101000000010010010
000000000011100001100000100000000010000001110011000100000000010000000001000010011000000000100000000
000000000000010011110011000101000000010000010000100000000000001110010110001000010001001001100000110
000000000000000001000000000001010001000000101000000000000100000010000000000000000100000001001000100
000000000011000011000000001000000100000000000110110000000000000011000010010000100000010100000100010
000000000000000001000000000000001001001011001100001100000000100000100001101001001011000001000000000
000000000000011100000000000010010000100000010011100010101000011010000000010000010000101000000001010
000000000000000000000000100010010010010000001000000000010100010001000000100000010000100000000010000
000000000000110000011010110111010000000000001000001000010000000000000000000000000000001001000000010
000000000010011000000100100000010000100100000010000000100000000000000000100000001000100001010000000
000000000010000001001100000000010111000100000110010100010000000000100010001110000000001010100000010
000000000000010000010001000000000000000000000000011000000001000000110000100110000100001000100010000
000000000000010000001000000001000000000000100110100100010110100000001000000110010001000001000000100
000000000000001000010000000010000000000000101101010000101000100000000000100000010000010000000000000
000000000000000000100100111000111000001000010000010000001000000100000100000001100000001000110000010
000000000010000100001100001000000000000110100000010101000010000010000000100001011101101010110000100
000000000000001000000000000001000010100000001010001110100000000110010000100001000010001100001000000
000000000000000110000001001110001000110000000000000100100100000001000100000001100000000000000000000
000000000001000000000001010101000000000010000100000001010100100100001000000100010000000011000010000
000000000010010010011010010010100011100000000010011000100000000001000000000001000010000001000000000
000000000000010001001010000000000000000000010000000000011000000000000011010100000010011000000000010
000000000000011010000010000001000000000000000010000000001000000101111000000000000000100000010001000
000000000010000000000000010100000001111000000000001001000100011000000100000000100001000000001010000
000000000000000100000000000010001000000000000100100000100000000000011100100010000000000110000000100
000000000000010000010100000010010000001010010100000100100001000000111110000010010000001000000000000
000000000000010000010000000000100000000000000000001100010000001000000000100000001100100000010000100
000000000000000000000010100000000001100000010000000110001110000000110000000000000000000000000000010
000000000000000010001001100000000000000001001000001000000000101000100000000000000000000000000011000
000000000000000100101010010111010000100000000000000101000000100000000000000000001000001000100000000
000000000001000000010100000000001000001100000100001000000101011000000100000000000000000100100110000
000000000001000000000100000010110010000101000000001000011100000000000000000000101000101000000010000
000000000000000100100010000100000010001000000010000000000110000000000000000000000001000001010100000
000000000000100000001010000001000000000010000110000000010000000000000000001101000010010100100001100
000000000000000000010110000000010010000001001101110001000000000000001010001010000000000001100010100
000000000010000001110100000000000000000000001100010010000101000010010100000100000000001001010000100
000000000000001000000110000100010011000100100000100000000000010001001010000101101000000001001000010
000000000000000100001000000100000100000000000000000000000000001100011011000011000001001000000000000
000000000000101000000000001010000100000100100001101110000000100001010000010000010011000000000010010
000000000000010000010100010000101000010000000001000100000101000000010001000010000100000000000010000
000000000000011000000011000000010000100011000010100100000000000000001010110000000000000100010001000
000000000000000010000101100110001000000100000001000010001000000001001100001010001001000110010001010
000000000010000100100000001110000000000000101001000001011000000001000000010000100001000001001000010
000000000000000100001110000010000000000000100000000000001000001101010010100101001000000010000000100
000000000000010010010010000000000000100000000000100000000100000000110001000000000000100001000010000
000000000000000111001000000010001101000110000100100010000010000000010000000010001000000000010001000
000000000001010001001000010001000000010001001010000101000001010000110000000000001000000010000010100
000000000000000000100000100010001000000001000100000011000000000010000000000000100000001000001010000
000000000000000000001001001000110000000001000000010000010000000000000100010001000000100111001000000
000000000000000000100010100000000010000000010000010000000000000000000001100000000000000000010000000
000000000000100011100000110010000000000000000000000100000000100000010001100100000000000000000000000
000000000001010000000110000100110010011011100000000000111011000110000100000000001011100000000000010
000000000010000000000001000101110001000010000000000000010100000000000100100001000101000101010000000
000000000010000000000000000000000000100000000000000000001000011011000011010001001000000100000000000
000000000000001100010001100000000000111000000011000011011010010000000001010000001010001110000000000
000000000001000110100000000001010000000001110000001000000000001110000000000000000101001000100100110
000000000000100000000000010100000000001110000010000001100100000000010000000010000000010000100000000
000000000000000001000000100010000100000000000000000000001001000000000000011000110000010000000010000
000000000000001000000001000000100001000011100010010100000110000000000000000000100000000001000000100
000000000000000000001101000000010000000000001100000011000011000000000110011000000001000100000010000
000000000000001000100001010000000000000000000000010000100000011000000000110101000001010100010100000
000000000000000100000001010000000000000010111000010000000100011000000000000100000010000101000011010
000000000001100001010110000000000001000000000000100000000000000001110101000010000000010010100000000
000000000000000100000000011000000100000000000000000100001110000000100000000010101000100000010001100
000000000000100000101000000000000101000000000001100000011001101000000110010100110000010000010000010
000000000000000000000000000000000000000000000000000000000000000000000000000000000000000000000000000
0 0
98 98