99 99
000000000000000000000000000000000000000000000000000000000000000000000000000000000000000000000000000
000000000000000000000000000000000000000000000000000000000000000000000000000000000000000000000000000
000000000000000000000000000000000000000000000000000000000000000000000000000000000000000000000000000
000000000000000000000000000000000000000000000000000000000000000000000000000000000000000000000000000
000000000000000000000000000000000000000000000000000000000000000000000000000000000000000000000000000
000000000000000000000000000000000000000000000000000000000000000000000000000000000000000000000000000
000000000000000000000000000000000000000000000000000000000000000000000000000000000000000000000000000
000000000000000000000000000000000000000000000000000000000000000000000000000000000000000000000000000
000000000000000000000000000000000000000000000000000000000000000000000000000000000000000000000000000
000000000000000000000000000000000000000000000000000000000000000000000000000000000000000000000000000
000000000000000001110000001000011010000000010000000000000000100000000010001000001000001000000110000
000000000000100000000000000000000100000000000000001001000000000001000000011001000000001001000000100
000000000010001001001000100110011000000001000001100000000000100001000000000001100000001000101000010
000000000000100000000001000000000011001111110000001100000000000000001011000000110001000010000010010
000000000010110011110100000101001010010000000000100001000000000000001001001000000001110000101010000
000000000000001001000000010000001000000100001101000000000001110000000000000010111001000001000100000
000000000000001000001000001000000010110000100000000000000010000000000000001000100000000000100000000
000000000001000000000001100110000000000101000000011111110100000000110000000100001001101000000000100
000000000010000010000000000000000010010010100001100000001010000010010000000001000101000101010000010
000000000010000000000100001011110011000101000000001000100000000000110000001000101001000010000000010
000000000001100000110000001000000000000000100000001010000100001100010000100100000000000000000000000
000000000010100100000000101101000000100000000010110101101011000110000100000010000000110000001001000
000000000000000000000000000010000000000001000011000000000000001001001000000000001000100000000000000
000000000001001000000000000010000100010100001000000000011000001000110110000001010001101000000011000
000000000000000000101000000010000011000100000100010000100000000000000000100011000001110000010000010
000000000011000100001001000000000001100000100111000100000010010100000100010000100011101000000010000
000000000000010000000100010000000011011001100001100010000000001010010001000001101000001000100000000
000000000000000100001000001100001000100000000000000000000000000000000000010000000100110000000000000
000000000000000000000010000000000010000000001001000100000000000000000000000000000000101000000001000
000000000001001000110010010110010010100010100000101010100000000011001000000000101000001010010000000
000000000011000001000000000010001010100000010010001110000101000000010010010111001000000000010011000
000000000000000000001010101011100010000000000001001100000001000110000000000000110000100010010000010
000000000000000000101010001001100001001100000000001000100000000000000101000000000000000000110001000
000000000011001000010010000011000001000000100100000000000000000100100100100000010001001100010100010
000000000010001011010001000000100000000000000000000000100010100011000000010010100000000110010000000
000000000010000001000000110000000000000000010000001001000001000000000111000000000001001000001101010
000000000000010000000010000000000000001001000000111000000010010000011010000101010000001011010000000
000000000000000101010000100000000000000001000000100000010101011110100100001001100010000000000101000
000000000001000000010000000010000100000000010000000000000000100000000000001000101000010000000010010
000000000001000000010000000000001001001010000000000000000001000000000010000000000000011000001000000
000000000000001001000100000110000100000110010001011000000000001000000000000100000000100000000000010
000000000001110000110100000000000110110010000000000010000000010000100000000000100000000100000000100
000000000010001000010100000100010000000101000100001001000001000100011000001000000000100000000000000
000000000010000101011001100000010001000000001000001010110000000010000010000000000100000110001010000
000000000010000001110000100000011010000000100100000011000001001010100010000000000011000010000010010
000000000000000001000000000000110000000000100011110000000001100001100100000010000100100000001000000
000000000010000001010000001000000000000001000011100000000000000100000101100110000100000000000000000
000000000000001000000100100000110001000001000010000100000111000001100010001000001000010000010011000
000000000001000010000000000000000000000000010000000000101010000010000010101000001000100110011000000
000000000000010100100000000100000010001100001000000000000010010010000000010000010100000000000000100
000000000001000000100000000000000100000001100001000000100010000101011000100000011000110000100000010
000000000010000001000000010100100000001010001000000000010000000000010100100001000000000000000000000
000000000000000000000000000100000000000010100001000000010000001101000000010010010001010000000001010
000000000000001001000000100000000000000001001100010000000011000000010001000010001000001010000000000
000000000010000010001110001000010010101000111100010010001011000011000000010000100000000000000000000
000000000000110000000000000000001001101110000000001101000000000000000010000000000100001001000000000
000000000001010000000001000000000000001000000001011100000100010000000000001010010000000100011001000
000000000010011000000000000100010100000011000000010000000000000111000001100000001001111000000000110
000000000001100010010010000001010010000011000000110101000010001011010001100110000000001000000001000
000000000000000001010111000100001000000001000000000001010000000000000000000001000001101010100010000
000000000010000101001000000000100010000000100001010110000001010001000010000000001001010000000100010
000000000000011100000000000000010000000001010000000000110001001000000001000100000001000000000000100
000000000000000001100000000010000001010001000100011000100001000100100010001100000100000001001000000
000000000000000100000001010000000000000100000010100100010000000000001000010100000010000000010000000
000000000010000000001000101010000000010000100000000010000000000010100000000101010000000000000000000
000000000001000010000001001010000010001000000000000100101001000001000110001000001110010101000000000
000000000000000001100001100100010010001011000000000101110001000000000001110000000001010000001000100
000000000000000000110100001000000011000000000000011101011000000111001010010000000000000001100000000
000000000010000000000001010100000100000000000000000100000010100101111001010000000000000100011010000
000000000010000001000000000000000000100000000000101000010010000000000100100001101000000011000000100
000000000000010100010000100110000000100000010010001000100001000110110001000010010010010000001010000
000000000000100000001000100100001101000000000010000100000011000010000100000000001001001000000000010
000000000000100001000000000000000100100110010100000001000000000000010000101000000000001010111010100
000000000000100000000100011000100000101000000000000000000010111001000100100010010010000000010001000
000000000001000010000011001000100001000100000000010011011000000001000000000000000000011010111000000
000000000001100000001000100010000001000000001100000100010000000001000000000000000001000001011000000
000000000000000000000100000000000000000000000000000000000010000000000000000110010101000000010010010
000000000001000001000000100110100100000000100000010000000000001010000000000000000100111000001000000
000000000011000010010000000100101000000101011000000000101001001100000100001100000000000000000000000
000000000001010001000010100000000000000001100101000000000000001000000010000001000000010000111000000
000000000000000101100010000001000100101011010000110100000000000100000100000101100010011001000000010
000000000010100001000000000000000000000001110010000011001001110110100010000000000110010000000000100
000000000010100100000001000010000010000100000100100100000000001110001001100000000000101000000000100
000000000001000000101010000010101011000100000001000010011100000000100000000100000000000010000000100
000000000000011000000011010000100001000000010001000000100000000100000001010011111001000001100000000
000000000010100000000010001100100000000011000011000000000001101000100010000000011010000010011000110
000000000010000010000000000000000000000000000000010001000010000100100001000100110000001100000000100
000000000000100011000110000000011000000100100001100000010011100100100000000000001011100100000000000
000000000000010000000010001000000000110000000000100010000000010010010010000101001100000000100001000
000000000000100001011000000000100000000000100000000010001100001000100000011000000000100000000010000
000000000010010010000100000000000000000100000000000110010100000000000011000000010000000100000010010
000000000000000000000000001100001010011000100001000000000010100101000000000100001010001001000000000
000000000000010000000001000111001010100000001000000001000100000101000000000010000010000000100100000
000000000000100000000000000000010000000100000000100000010000000000000110100000001011001000000110100
000000000000000000000000001000001000001000000100001010010101010110000000100100001011110000000001100
000000000000000000000000000001000000010100100011000001000000000000100010000001000000000001000000000
000000000001000101000100000100010010101001000010001000110000010000011001000000001000101000000000000
000000000010101000111000000000001100010000000000000010000000000001000100000110001000001000000001000
000000000000000000000000000000000000000000000000000000000000000000000000000000000000000000000000000
0 0
98 98