99 99
000000000000000000000000000000000000000000000000000000000000000000000000000000000000000000000000000
000000000000000000000000000000000000000000000000000000000000000000000000000000000000000000000000000
000000000000000000000000000000000000000000000000000000000000000000000000000000000000000000000000000
000000000000000000000000000000000000000000000000000000000000000000000000000000000000000000000000000
000000000000000000000000000000000000000000000000000000000000000000000000000000000000000000000000000
000000000000000000000000000000000000000000000000000000000000000000000000000000000000000000000000000
000000000000000000000000000000000000000000000000000000000000000000000000000000000000000000000000000
000000000000000000000000000000000000000000000000000000000000000000000000000000000000000000000000000
000000000000000000000000000000000000000000000000000000000000000000000000000000000000000000000000000
000000000000000000000000000000000000000000000000000000000000000000000000000000000000000000000000000
000000000000000000000000110100110101000100001000000000000000000000010000010001100010010100000001000
000000000000000100001000000110001010000001000000000000010010100000100000110000001011011000000100000
000000000010000001000100010000000000011000100100000011000000000000100000000000100000000011011000010
000000000011000100100010001000000010110011010010000000000110000000100100000110000000000001101000010
000000000000001000111000000000000000000001011100001000000100011000010010000100000000010001000110000
000000000001000000001000000000010100001001000000110001000000010001000010110001001000000000010000000
000000000010000001000000100000001000010010001000000000010000000000100100000110001001000000101100110
000000000000000010000100100000010000001000000000000000100010110000010110110000000000011101000000000
000000000000010000000001000110000000010100100100000010001101001001010000000100100001000000000000000
000000000000000100010001000001000001000000000000110000100000001001000000000000101111000100100100010
000000000000100000000000100110010000000010100010000000100000001010010100100001000010000110011000000
000000000001000110001000001000111000000001001100010000000000100100010101010110010100010000010100000
000000000000001110001000001110010001000000010000000000000010000100010010000000100010000100010100000
000000000000000000001000100000100011011100010010011000101110010000000010000000000000000010111000000
000000000010000000100010100000000000000000100000000000001110001000010000000100000000101010100100010
000000000001000110010101101000010001100010000001010000100000000000000000000000100011001000000100000
000000000010000100100000001000000001001000000000100001000000000000000000100000000001100000000000100
000000000010000011100000001100001001101100000000100001000000000000011000000001110000000110010000100
000000000000000010101110000010010000010110000000000000000100101000101000100000000010001000000000010
000000000011000010010000000000000000000101000000000001000001000101001101110100000000000101000000010
000000000000000000000000100000000000011000000000000000010001000001110001100100000000000010000000100
000000000000000000000001001000000000010001100010001000000000001000010000000001001010000000001001110
000000000001100000101000000000010000000100000010011000001000000000000001000011101011000100000100100
000000000010000000100000000000000010001100000000100110010000000011110010010000001000000000001100000
000000000001000000000000001001000010000000010110000000100000000100100100000100000100011001010000110
000000000000010000010100001000000001000000010000010100010110000000000000000000000000111100000111000
000000000011101010010000000000010100000000000000101000110011000000000000001000100000000000000010000
000000000000000100010010000000000100100000111100000011100100010000000100000000100001000100000000010
000000000001100100000001000101000010100001010000100000011000100000000000000000001000001000010000000
000000000000101000000001000000001000001000000011000110000000000000010000010000100010100000000010000
000000000000001011000000010000000100000000000000110100000001100101000010000100000000000000000001000
000000000000101000000010011001001000000111000000000001001000101000000010000000000010100000010100100
000000000000100110001000000011000000000000110100001000000110001100101010001000000001000000000000000
000000000000001000100010000000000010100010000101101010110110000000000100000000000000000111011010100
000000000000001000000010000000011100101001000010010001001001000010000100001100010100000100000000010
000000000010001110010100001100001000100001000000001101000000001000000000000000001011100100000000000
000000000000010100001000010000100000000000101001000000000010001100000011001000100000011000001011100
000000000001001010100000000000000000000000000000000000100001000100000000100000100000000000000000000
000000000000000000001100000000000011011010100000000100001010000110000001001000010000010001001001000
000000000001010010100000010100010000010001100000011111000001101000011010000010000001001000011100000
000000000000100000100011110000000000011011000000010000100110000101000000100101000001101000001001100
000000000001000000001100001001010111000000101101000000000000010000100100010000111000000000000010010
000000000000000011001011000010110000000010001000000000000100000100000000010000010000000000000000000
000000000001001000000010001001001000010010000010000010101001000100000100010110000001101100000000000
000000000000001000000000110000000010101000100010000000000000000000100001110101110000000010000100000
000000000000111010101000000000000010000001100010110000100000010000100000000001000000100001010000100
000000000010000000000000110000000100000000000000010000011110010000000110000000001000001000100010000
000000000000110000010000000001000000000000000000000000000100101010000000001110000100001010000010000
000000000010000010000000100001000100000000000000011010010000000000000000000010000100000000000000000
000000000000000001001010000110010001000000001100000100000000000000010001000000001000010101000000000
000000000001000000101000000100010000110100001000000000001001000001000000001010100000001000000010010
000000000000000100000000000010001111000000000010001000101000000001000000000000001001000000000000010
000000000000000110000011000000000001000000000000100110000000000110100100000011000000000010000111010
000000000010000010001010001000000001011100011000101100000110100000100000100000000010000001100010100
000000000001010100010001100100000000000100000000000000100000001001000000000000000011100000101000000
000000000000000000000001000111000000000000100000000000001100010000000000000000000000000110000100000
000000000000100000000000011000000000100001100000100000001001000000000000100000001000110001110000010
000000000000000000000000110010001001101010000001111000000010011000010000000001010001000101000100000
000000000001000000000000000000000000100001010000010000000100000011000000100100100010000010000110000
000000000000010000010010000000100001000000001000000010000000000100101001000100000001001110100011010
000000000000000000010000000010000000000100000001000001000000001000001010000001100010100000100000010
000000000000000000001001000001000010000010010011001110000000000000100010010000000000100000011010000
000000000000010110010000000000000010100011100000000000101100000000001000000010000000000000001000010
000000000001000000000000000000100000001100110000000000000100010001000000000011000000010000000000100
000000000001010000010011000010000010010000000100001000011000010100110000000011100010100000100110000
000000000000010001000000000100010000110000110001000100000000000000000101000000000000000000010100100
000000000011000001000110100010010010000000000000101000010110100000110010101001000101000001000100010
000000000000000101000000000001011010000000000010001001000010000010010001001001100001000100000000000
000000000010000000001000000000100100110010000100000000000010000000010001100000100000101000100010000
000000000000011000010010000001100011100010000000000000000010001000000001000000000000100000100000100
000000000000000010101000000000010100000000000000100000000010001000000001000000111000000000100001000
000000000000001000000000100000000011100100010000001010010000001000010000000000100010000001001010000
000000000000100000100000000001001010000000000010010001000000001000000000000001000000100000000001000
000000000000011010101100110000000000000111110100011100001000010001100000000000000000000001001010000
000000000000000000011000110000000001001000000111001000000000100010000000000000000111000110000001110
000000000001010010011001110000001010110000000000100010001000001000000000000000000000110001001000000
000000000000000011000000000000100000010000000000000011000000000001101001001100011000001001000000000
000000000000110010000001101000010101001010100000100000000000001000000001000000101010100010000010010
000000000010000011000000010010011010010000000101000111000000000000100001000000000100111000101001000
000000000001010110001000011010010000001000000100000000100000001000100001010001000011011011000100000
000000000010001000000000000000010000100011010100000000000000001000000000000000000000001000000001000
000000000000000100010000100001010100000000001001001010101000100001000000000010000010110000001100000
000000000000000100000000000000000000010000000000110000001000011000000101000000100000000000000000000
000000000000000001000010010000001000100100010011000000101000000100010000010001010100001001010000100
000000000000000000000110000000001000000011100000000110101000000000000000000100000000000000100010000
000000000001001001010000000000000100000010111100000000000001100001010010000000000011001100000000000
000000000000000000000000000010011010111001001110100000000000000000000000010000000110000000000000100
000000000001000010000000100000100000000000000000000000000000001000010100101101000000100110000000100
000000000000000000000000000000000000000000000000000000000000000000000000000000000000000000000000000
0 0
98 98