99 99
000000000000000000000000000000000000000000000000000000000000000000000000000000000000000000000000000
000000000000000000000000000000000000000000000000000000000000000000000000000000000000000000000000000
000000000000000000000000000000000000000000000000000000000000000000000000000000000000000000000000000
000000000000000000000000000000000000000000000000000000000000000000000000000000000000000000000000000
000000000000000000000000000000000000000000000000000000000000000000000000000000000000000000000000000
000000000000000000000000000000000000000000000000000000000000000000000000000000000000000000000000000
000000000000000000000000000000000000000000000000000000000000000000000000000000000000000000000000000
000000000000000000000000000000000000000000000000000000000000000000000000000000000000000000000000000
000000000000000000000000000000000000000000000000000000000000000000000000000000000000000000000000000
000000000000000000000000000000000000000000000000000000000000000000000000000000000000000000000000000
000000000000000000100000010100000000100010100001000100001000000001001000000001101000101000000010000
000000000000000010100001100000000000000000011000000100001001001011000101011000001100010000101000010
000000000010000000000000000000000000010000000000000000000001000010110000100001001101010000000011000
000000000000100000000010100000000101000000001000000000110000000000000011000000000010100101001011000
000000000011000110000001100000000000010000000100100100010000010000100000001010001110011000000000010
000000000000000000011000000001100001000010010000010000010000000000001000110000000100100000000000010
000000000001000000010111000000100000000001101000001100001000000110000001000010001101100000001010100
000000000000000110000000000000000001100010000000110110000000000011000100000000000001000000100100000
000000000000011100000000110001011000000000000100100100010100010000000010000000000000011000100001110
000000000000101011100000000000000000000011101000000100100101001000000000000000000100011000000100000
000000000001000001000000000000000010000000100000000001100100010111000000001010001000000000000000000
000000000010000000001001001010000100000001010000010000000000000100000100010100000100000100001010100
000000000000101000000000000100010000000000001000110000000100001100100000010000000011000101000001010
000000000000000000001000000000000000011100000010000001000000010001000000000100010000000000000000010
000000000000001000100000010000000111000000000000011000000000010000100000110001000100000100010010000
000000000010000101000001000000000000001001010000100101010010100000000010000101000001000000000000000
000000000000010001000000000000000000010000001000000000000011110000000001000000000000000000100101100
000000000001000110000000010101101000100000010000000000011100001001000100010000000100100000011010110
000000000000000111001001000000000000000001000110001000000010000000110000100100000000101100001110000
000000000001010100001111100000000000000000000000000110000000001010010011010000000100000001111101000
000000000001000100000000100100000000000111100000000001101000000000111010010000000000000000001001000
000000000000000011000010000000011010000000110010000001000000000000011100001000000101011000000010000
000000000000100000000100000010100110001001001100000100100000000000100001010011000001100011010000100
000000000000000010000000000010000000001100001000000000000100101000010010001000111001010000001000000
000000000000000011100100000100000000101100000001000010000001011000100000000010010000000000001000100
000000000000000000101010100000000000000000100100000011001001000100000000000101000000000001000000010
000000000000000001000100000000011000000100000000000010100000100000000001100000100001000100100000100
000000000001000011010001010000100011101000100000001100010000000101000000000000000000101001000001100
000000000000010010000000000010010000000001001100001011000100000101011001110000110110000000000000100
000000000000000101001000000100011100000100010000000101000001000000010010110010100100000000100000000
000000000001000000010100101000000000000000000000010111000100010100000010000000010000010001000010010
000000000000000000000001100001000000000000000100000000000000100000100100010001000100000000100000000
000000000000000000000011001000010110001001000000010000011000010010000010000010001000001000000000100
000000000001000101000100000111100001001101100000000000000101001001000110100000000010000000100111000
000000000010100000000000001000000000000000100001000001100010011110001100000001000010000000100100000
000000000000000100010010100010000110000010100010001010010001000010000000001000000000001000001001000
000000000011000001000000010100000110000100000010010000000000010001000101001010000000000000000000010
000000000001100110011000000100000000000010000011110010000010000010010100000000000000010100110000010
000000000000001000100000100010000000001000011111100000001010000000101000000001001010000100001010100
000000000000010010100110000000000000000100000010001000000000000000110000010100010001010000000000010
000000000010010001010000100100000000000100000001010000000000100000000000000010000010010000000000100
000000000000000001000001000010000000001001100011001000001000010000010010000000000000000000001010010
000000000001010001010011001010001010000001000001000011100100110000000101001101011000000100000101010
000000000000000000000001001001000101100000000100000000001000000000100001000010000000000100110000010
000000000000000100010000101010011000000000101001000010000000000000000111001100111101001000011100100
000000000000000010010101010000100000010000000011000000000110000001000101000100000000010010000100000
000000000000001010001000100010000000000110000100000010000001001001000110010000010100000010100000100
000000000000011001000010000000000000000001000111000010000000000001000100000010010010001001010000000
000000000010000010000101010100010011000000000000100101000001100001100010101000011001001000000111010
000000000000010000000000000101000110000100001000000001001000000100010010000000000000000100110011000
000000000001001100000000011000010001000001000000000000100010011000100000100100001100000011000000100
000000000000000010100011110000000000000010000000101001010000001010000000100000011000010000000101000
000000000000010100010000000100001000100001000000000000000001000000000000000100001000000010000010000
000000000000000000010000010001000001000000100001000011100100000000100100000000110100001000100001000
000000000001100100100000000100000000000000001000110000001000010000011000110000000100000010110000000
000000000011010010000100100100000010000010000100001000110000001100000000000000100110100000010000000
000000000000000000000010011000000001010000000001100000010000001010011010001001001000100000010000000
000000000001000100101100000001001000010000010000100000000100101000001100100000100101100000011000000
000000000000000101000100000000100001000010100110010000100000100010100010000000100000000010001011000
000000000010010000001100000000000001001000000001011010000000100000100010010000000100000000000000000
000000000000000000000000010000010000001000000001011000000000000000110000000000000000011100010011010
000000000000011000001000001001100000001110001001001000001000100000000010100010001010111100010000000
000000000000000000000010000001000001110000000010001000100101000001010100000000000010100100010001000
000000000000000001010010001001101000000000010000010000100000000010000010010000001000000010010100010
000000000000000000100011010000000001000000000110000001000000010010000000000000000100100000000010100
000000000000010000010000000100001000000010001001000100000001010010000000000000000000000100010000000
000000000010000100000000000001001000000000000000000010010100000000110000100110001000010000000001000
000000000010011000000001000010000010000000101000000010010000000011000000000000100000011000101000000
000000000000011000000100000100000000010000101000010011000010001000001000000100000010000010000000010
000000000000100110000000000000000000000000000000010110000100000000000000000001000000100101010001110
000000000000001100101100001000000100000100001000100000001100010000001000000000000100101000001001000
000000000000000010000000100011000000000001001000011110010000010010000000000010000011000000000000000
000000000000001000010001100001000000000001100000000000000011011000000101000000011001000000001100010
000000000000100010000001100000000000000001000010010000000000000000010001000010100100010000100001010
000000000010001000000000000000010000011000000000000010000000000001010000100100010110100000011000110
000000000001100100101101000000000000000000000001000000011000100000010000000010001000000000010010000
000000000000000000100100010000000000001001100010100000000001001000000100000000000010100000010101000
000000000000001000010011010100001000000001011000001001010101000000001000100000010001100000000100010
000000000000010000000010000010001000010010001000000000000000000000000000010000000001011010000000000
000000000000011001100000100100000010100000000000001000000010100010000010000000100000110100001011010
000000000000000000101000000001000100000110000000010000101000010000000000001000000110010001110000000
000000000010100010101010100010000100001000001000100010000001000000000010100100100110001100100001000
000000000010000010001001000000000011010000000000000000000010000011000100000000100101000001100000000
000000000000111001000100101101000001011000011000000010000100111000000010010110110011000000000111000
000000000001010010010000000000001100000000000100001110110010001100010100101000001000000000110100000
000000000001001000000001000000000000000000001011000001001000001010100100000000000000000000000000000
000000000000101011000000100010000010000000000000010001100101010000010000001000000000000000001000110
000000000010010101000010001000010100110000000010000001010001100000011000000000010101000100001001100
000000000000000000000000000000000000000000000000000000000000000000000000000000000000000000000000000
0 0
98 98