99 99
000000000000000000000000000000000000000000000000000000000000000000000000000000000000000000000000000
000000000000000000000000000000000000000000000000000000000000000000000000000000000000000000000000000
000000000000000000000000000000000000000000000000000000000000000000000000000000000000000000000000000
000000000000000000000000000000000000000000000000000000000000000000000000000000000000000000000000000
000000000000000000000000000000000000000000000000000000000000000000000000000000000000000000000000000
000000000000000000000000000000000000000000000000000000000000000000000000000000000000000000000000000
000000000000000000000000000000000000000000000000000000000000000000000000000000000000000000000000000
000000000000000000000000000000000000000000000000000000000000000000000000000000000000000000000000000
000000000000000000000000000000000000000000000000000000000000000000000000000000000000000000000000000
000000000000000000000000000000000000000000000000000000000000000000000000000000000000000000000000000
000000000001010000000001010101100000001000000010000000000000010000000001000010010000000000000000000
000000000000000001110000010101000001000010000000000100100100100000100000001000000000111100010001010
000000000000001000010001010100010000000000000010100000100000010010100000000100100000100000010000010
000000000000010000010000011010001100000100100010010010000000000010000010000011100000010001001100000
000000000000001000000100000000010100000010100001100000110100100111101000000000000000010000000000000
000000000010000010100000100000110101000000100000000000001000000100001101000100000000110000100010000
000000000000000001010000010000100001000000010000000010000000000000100000011000001001010001000010010
000000000000110100010101000000000000000001001100000010000100010000000011000100110001001011000000000
000000000000100100000000000101100100000110000000101100000000000000110100001000000100000001000110000
000000000000000000000100100000000010000001011001000010000000010010001010000100000011000000000000000
000000000000000110000000001000001000000000000010100001000110000101000100001001000010000000010001000
000000000000010000011100000000000100100100100010000110000001000101001000011110000001011000000000010
000000000000000000101001000010000000000001100000001110100010001000001011010000001000101000001000000
000000000001000000000000000000000000000000100010010000010110000010001000000001000000000000001000100
000000000011001000000100010000100100100000010000100000100001100001000000000000000010000010100000000
000000000010010000000100000000000000000011101010100011010000000101000000010001100010000100001010000
000000000010000100011100000101000000000100000000000000001000000010000001001000000100000011010100010
000000000000011000110011000001000100010000100000010000000110000100100111000100000001000010001100000
000000000010000100101100111001000010011001000100000010001010011000000000000100100010100000000000010
000000000010100010000110000100001100000001010001000010000010000100000010100100000000000000100000000
000000000000001000010000001010010000000010110010000100000000111010000010001000000010100010000110000
000000000000001000011001000000000000000001010100000001000101110100011100001000000000100001110000000
000000000001000100000000000000100010000001100000001100000000110000011010001000000000001000110100000
000000000001100000100000001010100100000100000001000000011100000000100010100001010010000100101010100
000000000011000010000110010110000000100010000010001011000100010111000010000010000011000000000001010
000000000000100000000000000000001000100000000001010011000000000010001000000000000011001001000000100
000000000000000000101000010001000000000000110010111000100110001010000000001010100000100000000010000
000000000001001000000100000010010000110000001000001000000011000010011000000100010000100000001001010
000000000000010000010110010001010100000000000111111001110101000010000110000000000000000000000001000
000000000001000000000000000000000000001000100010100000000000100100100001000110000000101010000000000
000000000000100000000000000010000001010001000010001100010000000001110100100000000000000010110010000
000000000001000001000111000000000000000000001000011000000000000000110000010000000100010100100000000
000000000001000100100001000100001011001010001000000000000010101010000000000000110010100010000000000
000000000000010001000000001010000001000111101000000100100010100000001000101001100000000000000000000
000000000000000011000100110110000000100100000000010000010000000000100000000001000101000010000001000
000000000000000100000000100110100000010010000000000000100000101000100100010001001100000100000010000
000000000000000001000001000001111000000000000010000000000010011000000100000010000000000011010010100
000000000010001000010001000000010000100100000001010110000001010000000010000000001000011001001000000
000000000010011000100100000000000000000101001001000100000000010111000000000000000100000100000100000
000000000000000111010000110000001000001001010000000000001101000010101010100001000000000000000010000
000000000000000000000001000000100000110000000000010000010001000010000000000000100100101000100001100
000000000000010000000010000001100000100000010000000000001011000000000101001000011000000100001001010
000000000000010000000100000000000011000000000000001001011001000100110010000000111000000001100000000
000000000000000010000000000000001000010101000100000000000001001001000000101000110000000000101010000
000000000001100000100100000010000000000001110000000000110011100100001000000000000001001000100000000
000000000010000100000000010100000101000010010100010000000010001111001001000010000000010000010000000
000000000000000100000000001000000110000100101000100100000010100101010000110000010000010001000000000
000000000000100000000010000001000000000010001000000000010000000000010001001000001000010000000100100
000000000000001000000000100110000001000000100100100001000000000000000000011000000001001000000000010
000000000010010000100000000100000000100100001010001011000110010110000000110101000000001000000000100
000000000000010100000010100001000000000011000000000000000000000110000100000000001001001000000000000
000000000010001000010000100001100001000000010010000001000000000100000001010001011000000100000000000
000000000001000000000000001000011000000000000001101000000101010000001000000000001000000000100100100
000000000000101010010010000000011000100100010001000001010000000100001001001000001000000001010000110
000000000010110010100010000010000010101000100010000000001000000000001100000010100010110001000000100
000000000000000000001000000011010000110000000001001000000000100001100010101100000110000000000101000
000000000001101000100000000000010100000000000100000000000010100001010000001010000001000000000110010
000000000000011111001000000100001000011000010000010000100001000000000100000100000000100000000000000
000000000000001010001000000000000001000000000010001100001000011000000000000000000000000000000010100
000000000000001100010000000000001000001000000100000001100100000000000000001000000000000000001000010
000000000000010000000001100000001000110001000100000100010000000000100010110110100100001000010010000
000000000000110000110000100000000001010000100000000000001010110001000100000100001001010000000010110
000000000010000000011010000000010010000000100011000101001001000010010000100000110000100001000000000
000000000010000010000010100000000111000000100100000000100010011001001000100000000000000010100000000
000000000000010000000000010000000010001101100000100001000011100011010011010100000001100100000000000
000000000000011000000000000000000011011010010000000001000000000111000001000000100010001100100010000
000000000010010000100000000010000100000000001000100110000000001000100000001100000000000010100000000
000000000000000000100001001101000100000000000000000000000000000010000001010100100000101001010010010
000000000001000000000000000100001000000100000000000010010100100010000010000000000001000010100010000
000000000001011100000111010100010001001010000000000000100000010110100001100000001001101010010011100
000000000010011110100000000110001010001001000000000111010000001000010100001000100000101000000000000
000000000000001000101000100000000000010100000001100000000000100010000001000000000000000101101000000
000000000000000000100010010000100101000000100100000100010000101100000101100001000000100000100000000
000000000000000000000001100000000011100000000100000100000011110000000000000001000000101000000100110
000000000000000011100000100010000000000010000100000100010000010001100010000000001000000000000001010
000000000000000000000000000010000000000010000000001000000000000001000100101000100100100010000000010
000000000011100001001000000010000000000100000000000000001000000000100000000001000010000010000000000
000000000010110000100000000000100001000000101100000001010100100001001111000000010000000001011000000
000000000000000000100001010100010000010000010000101110000011000000001000000101000100010010000000100
000000000000000000100001010001100000001000000000011000010000010000100100000001001011000000000001000
000000000000000100100000000000001000000000000110000010000000000011001001000001101101001000101000000
000000000000001000010000000010100001111001010001001000000000100110001110110110000000110000000100100
000000000001100010000010111001100000100000000001000000001000000000010000000100010000000010111010100
000000000010101010000000000100000110100110100000000000000010100101010000100000000000100010010110000
000000000000010011100000001000000001100000000000000000100000000000000100000000000101100000000000100
000000000001000010000000010000000100100000100100000110010001011000001001010010000001010000000000010
000000000001000100000010000000000000000000010101000100000010010000010000000000000000000000000000000
000000000000000000001000000000000000000000010000011101000000000010000000011000010000010100010110010
000000000000000000000000000000000000000000000000000000000000000000000000000000000000000000000000000
0 0
98 98