99 99
000000000000000000000000000000000000000000000000000000000000000000000000000000000000000000000000000
000000000000000000000000000000000000000000000000000000000000000000000000000000000000000000000000000
000000000000000000000000000000000000000000000000000000000000000000000000000000000000000000000000000
000000000000000000000000000000000000000000000000000000000000000000000000000000000000000000000000000
000000000000000000000000000000000000000000000000000000000000000000000000000000000000000000000000000
000000000000000000000000000000000000000000000000000000000000000000000000000000000000000000000000000
000000000000000000000000000000000000000000000000000000000000000000000000000000000000000000000000000
000000000000000000000000000000000000000000000000000000000000000000000000000000000000000000000000000
000000000000000000000000000000000000000000000000000000000000000000000000000000000000000000000000000
000000000000000000000000000000000000000000000000000000000000000000000000000000000000000000000000000
000000000011001000010011011001010000000000000011000000000001000110011000000000101011000001000101000
000000000000010010010000001000000100010000000000000000000001000000101000100000011000000100000010000
000000000001001000000000010000010000100000000000000100000100010000001010001010010000010000101000000
000000000001100110000001000110000010010000011000000000000000000000000000000100000100101010110000010
000000000000001001000101001000001000010101110001110000001010001001000100101100101000001000000000000
000000000000000000100000000110100001010001000110000111000001101000000000000000001001100000000100010
000000000001101000000000000000000100100100001000100000000000111010010000010101000000010000000100000
000000000000000101000010000000001000000000110100001000101010000000000100000000000000000000000010010
000000000011000000000101011000001010100010100100101000000000100000000000000100001000100000001100000
000000000001000000000000001001000000011011000000100010000001000001010010000000100000000000000000010
000000000000001000000001000000100110000100010001001100011100001000110000000000000010000010000000100
000000000000000111000000000000011011000000100000000000001110000100000000001000001111001000001000000
000000000000000100010100000000100000100000000101010000001000001000000101100001000000010100000000100
000000000001010000010001000001000000000000000011010000000000000000001011001010000010001001000100000
000000000001000000010000000001000000000010001100001010010000000000000000011010100001001000011000000
000000000000000000011100000000100100100000010000000000100010010000010001001010000000011000000000000
000000000001000010100000000000001000000000000000010000011000000000000100001000100000000000000010000
000000000000000000000010000001001010011100000000000100000000001000010000000010001001000000000010000
000000000010000100011001100000010000010000010100000100001100010001001000100000010100000000000010000
000000000000110010000000000001000001001011000000000000100010000000100000100000000000010010000100000
000000000000010110000101000000000000000010010100010000000000000000100001001000000000000000000100000
000000000000000010000110010001000001100010001000000000000101000001001111000000000100000000011100000
000000000000000010010000100100000000000000001000000000010000100000000000001001100010000000100000000
000000000000010000001100000000000001000000000100010000000000000100100000000100000010001011010000010
000000000000100101000000000100000000011000011100000000000000001010000000100010100110001001100000000
000000000001000011001100011000001000001010000010001100000101011000100000001000101010110110000100100
000000000001110010010010000000001100000001010000100011000001010001100111000000100000100101000000000
000000000000000000100000011000001000011010100000010110000010100000000000000010100101010000010000000
000000000000000110001000001000000000111000000101000010001000100000100000110000000000110000000000010
000000000000010110000000010110000010010000000010100001000010101001101000101000110100000010011001000
000000000010000100000001000011000001000100001000000000000000000001000010000000000000000010000000000
000000000010000001001000000000000000110011000010001001111000001100000001000000100011000000000010000
000000000001001001001000000001000000010010110000000010000000001100000000001000001000000101000000010
000000000010001110001010100000000000010010010100100010010000010111010000100001000001000000000001000
000000000000000001000000000000000001000000111000010001000001010001000011011000001101001000000000000
000000000000000100000001000000000000011001010001000100110000001000000100000011101001000010101000000
000000000010000100000000000000100000100100000000000000000010000000010000010110000010000000000000000
000000000000010000100000001001100010100001000010000001000010001000000000011101010000000010001000000
000000000000000000001001000010000000101001000001001010101000110100100000000001000000010000011000000
000000000000010101001100101110100000000101000000100100000110100000000001000010000010000100000100100
000000000000001100000101110100000010000100000001001010000000001001010100010110000110000100100100110
000000000010010010001000000100000000000110000000000001100110100000000011000000000101000000100101010
000000000011010001000000000000010000011000100000100101001000001000000010000001000100000000011010000
000000000000000010011001010001001110010010000000001110000000000100101010010000000000001000000000000
000000000010000000011000110001000010101001000001000100000001000100000000100000001000000000001010100
000000000000000000000010000100000010100010100010000000100000000100100000010011110000000001000000000
000000000001000111001010000010000100100010001000100000001000101000000110001011000100101000000100000
000000000000000100100100001000000000010000000000100000111110100010000001000000110010001001001000010
000000000011000000100000000000010000100010000100000000010000100010001011000000000001100000011000000
000000000000010000100001001100000000000000000000000010000000100100000000100010000010010000001110000
000000000000000000010000100010100000001000001010001000000101000001001001000100100100111000100000010
000000000010001000000000101000001001011000100000000000000000001000000010011100000100000001000000000
000000000000000100001000010000011000011001000000001001000100100000001000000000000100000000101100100
000000000000010000000010010001010000000000010000000000000010010001000000000000000001000001000010000
000000000000001100010000000000001000110000010000000010001000101000000110000011000000000000000000000
000000000000000010011100100000110111011000001001100000101010000000100000011001000000000010000001000
000000000001110000100000001100000010000001000001101001010000001000000000000000000100000000000100000
000000000000000100000110011000001000001100000001000001110011001100000000000000001100000101000000000
000000000001100001010000000001001000000101000000000010000000100000111000100100001000100010001000010
000000000000010000000000000010101010100100001000100100000000001010100000010000000010010000001001100
000000000001100001000000100000000010000011000000000001000000001101011000001000000001001100010000000
000000000000100000000000000000000111000000000000000100000101110001011001000100010000001100000000000
000000000001000100100000001000000000100000010000100000001000101000000110000010000001000001010000000
000000000000000000000000000100000000000000000001000100000000011001001001000101001000000000000100000
000000000000100000110000000001000000000000011010100000101010100001000000100000001100010100000100000
000000000000001010010001001010001000101111100100100010001011001000000100100000000100000000110000000
000000000010001000000010000001001001011000011000000011000001000001000100000000000000000000110000000
000000000011100000001000100000001001101001000100000000000010000000000010010000010000000000000000000
000000000001000000000000011100000001010100000010000100100010110000000000010010000110000100000001000
000000000000001010000000000111000010100100001101010000000000100100000000100110000001001000000000000
000000000000100000000100000000101011100000000001000000010000000000000000101001001110101000110010000
000000000000000000000000001000000001000000010010001000101000000000100011001000010000000000000010000
000000000000001000000001000000010100000111000000000001010000000101000000010000000000000000000010010
000000000000000100000000000000000011001000000011000001000110001101000000000010000111001000000000000
000000000000000001000000011000100010100011010001000101001000000010000000000011011010001110101010100
000000000000000010010010000100010000000000001100000000010010000000010000011000101011000001000101000
000000000000000011011000000000100000001000000001001000000000001000000000111001010000000001000100000
000000000010000000111000000000110000010000100000010000010100001000110001000000010001001001000000000
000000000000000000100001100000000000000100001100010010101000000111100010000011001000000001000010000
000000000011010100000000000000000010000010000010000000011100000001100100000001000000101000000000000
000000000000110000000011000001001000000001000000000000011100011100010000011000000000000000010000000
000000000001111100110000000110000001010100100000000110000101010000100110000001000100110000000001000
000000000000000100100101000000000011100011010000100000000010000001010011000100010101110010001000100
000000000000100000000000011000100000010100000010100010000000010010100100100000010001001101000000110
000000000000000000001000000000100011001000000000000000010000110100000010000010110100000010000000000
000000000011000000000000000001000010100010001001000011000000010010000000000000001000000100001001000
000000000001000000000010001000000010000001001000000000000000000100010100000001000001001010110100100
000000000000000000110000001001000101010000000100010111000000000001000010000011100100001000000100010
000000000000000000000000000000000000000000000000000000000000000000000000000000000000000000000000000
0 0
98 98