99 99
000000000000000000000000000000000000000000000000000000000000000000000000000000000000000000000000000
000000000000000000000000000000000000000000000000000000000000000000000000000000000000000000000000000
000000000000000000000000000000000000000000000000000000000000000000000000000000000000000000000000000
000000000000000000000000000000000000000000000000000000000000000000000000000000000000000000000000000
000000000000000000000000000000000000000000000000000000000000000000000000000000000000000000000000000
000000000000000000000000000000000000000000000000000000000000000000000000000000000000000000000000000
000000000000000000000000000000000000000000000000000000000000000000000000000000000000000000000000000
000000000000000000000000000000000000000000000000000000000000000000000000000000000000000000000000000
000000000000000000000000000000000000000000000000000000000000000000000000000000000000000000000000000
000000000000000000000000000000000000000000000000000000000000000000000000000000000000000000000000000
000000000001000010001001000001000100111011100001000000010010100011100000100010011100010001001000000
000000000000000010000001000010000000000000000110110000100000001001000000000101101010001001000100010
000000000010100011000000000000000010000001000000000000000000011100000100000001000111011000000110010
000000000011100100000000000101010000000000110000000000000010000100000011000000000010100000000000110
000000000000010000001001100000100000000111000100000000000000010010001010000010000000000100110010000
000000000000110000110000000000001000000001001000000110000001010100010000100001000000000000100010010
000000000001010100010000010110001000000000000000000010000000000000110000001000000000100000110000000
000000000000010000000010001101000000010000000000000000000001000000000000000000001000010011110001010
000000000000000000000000010000100000100001000100001111000000100001000000010000010000000100000000000
000000000000000000010000000000001001001010100100000000100000000000000011000000000001000000110001000
000000000001010001000000000000001100000000000000000000010000100000011001000000000000001000000000010
000000000000000000000100000010000000000010110011010001100001000011010100100001000011000010000000110
000000000000000000010001100001001000000000001000010101000010000001100100001010001000000001010000000
000000000001001110000000001010001000000000010001000010000000000101010000000000000010000000001010100
000000000000010101001000000000010000101000000000000100000000000000000000010000000001101101010000000
000000000010000100001000100000000001000000100100000000000010000100010100010001000100000111110000100
000000000000000000000001000001000000000000000000000000000000100000000000100011000000001110000000000
000000000000000010000101000000001001000001011001001000101010000100000000001000000000101000000000000
000000000000010001000001010001000100000101000011101000000000011000000101000000000001000000000000000
000000000000100100000010000000100000001101001000000011000000000100000001000010001000101100100110100
000000000011000000000010110010000000010000001101101100000010000000000000000010001000000010100000000
000000000001000000101000000000000110101100000110000001000000100000000000100000000001001001100000000
000000000000000100010000000000010001000010000000000000000100001000100000000001000000100000000101000
000000000000000001000000011000101000100000000100000000110000000100010001000010100000000100000011010
000000000001000100000100100001100000000010000101100000000001001000000000000011100001000000000000010
000000000000100000000000001000000000000110000000010100001000010000000000100100001100000000000000110
000000000000000000001101000000000100000000000000000000010000100101000000000000000100010010001010110
000000000000100000010000100000000000000101001011000001000001000110000000010101001001100000001000000
000000000001000001000000000110010100010110000000000000010000010011101000011000000000000010101001000
000000000000000001100000100101000100010100000000000000100000001000100101000000010000100101010000000
000000000010000000101010000000000101000000010000000000010000000000000000000000100100100000101101000
000000000000011001000000000000110100000000000000000001000001000100000000001100010101010100000001000
000000000010000000000000000010000110100000000100101000010001000000010000000000010001000000000000000
000000000000010000000111000111000100000010100001001000000010000000000000000000000000000000000000000
000000000011100000010100100001001100000000101001000000100000001001100000000000100001010000100010000
000000000000000000000000000000001010000010000010010000000000100100011000010001010000000111000010000
000000000010000000010011000001000010001000001100110100000000000000000000010111110100100000000001100
000000000001010100000001001000000110001100000000011101100100001011010010001000010001000100100000000
000000000000001001000000101000101100000000010100001010000100000000000001110010000000100100100000000
000000000001010000000000000000000100011000000000000001011000000000000100001000100100101001111000000
000000000000010111111000100000000010110000000000100010000000000000100000001000010000010010001100010
000000000000000001001000000010000000000011000101001000100110001000000000000000000111000010000000000
000000000000000100000000010010010100001001000000001000101000000110000000000000001011100000000010100
000000000000000000100000001010000000000010100000001000001100001000010100001000010000001000000000000
000000000000000000011000000000011100000000110100000000111100000010100000000000000001101000001000000
000000000001000100000000000000111000010010001000000000000000000000000000010000100011010000100000000
000000000000000001000000101000110101000000000101000000000000001000001001010100000000100000010000100
000000000010010000000011010010000100101000110000001000001100110010000100000000000000101110000000000
000000000000000011100000000011000000000000000000100000111000000000100000000000000101110000111100000
000000000001001001011100000000010110000000000000000000100010000100101001010010010110000001000001100
000000000010001011000011001000010100100000000000010000101000100010010010100000001000000001000000000
000000000000000001000000010000000000010000111100000000001000010000001100100010001000000110000010100
000000000000110001000000000000010000001100000100000011001101000001000000010011101001000010000000100
000000000000000000000100000100001000010000010101001000000011000100100000001010000011001000010000000
000000000001001010010001010000011010001000010010100001000001000010000100000000110000000000010001000
000000000010100001000000001000000101000000000100000000010000000010000000000100000000011000000001000
000000000000010000001000101000000010010000001000100000000000010010000000001001101000000100000000000
000000000010000000000000001110001000011000011000010000000110010000000010101010000000000000000100010
000000000000000001110000010010000000000110000000010000001011000001001010011001010010000001100000000
000000000000010000011000001001001000010100011010000000000010000000100100100000000000000100100000000
000000000000100000001000011001000010000100001010000000000010000001000011000010100000001000010010000
000000000000100000000001000010010001000000000010001100000001000000000001101000000010100011000010000
000000000010000100000000000000001001001000000010000011000010010000000010000000100010001100000000000
000000000010011011000000000101000000101000000100100011010000010000000000000000000001110010000000000
000000000000000001000000000000001000101100010100000011001010111010010100010000100100000010010110000
000000000000011000001100000001000010000100000000000001011000000001010000000001000100000010001000010
000000000000000100000000010001000010000100000001000110011000000000000000000100000101000100000001010
000000000001010000000001100000000100001100000001000100011000001000110100001000000000001000000100000
000000000010000010100010000100000000000010000001010011000000000101100101001000001000010000000110110
000000000000000000000100010000000000001000000100000000011001001000001011000001000100000101010001000
000000000001000000000000000011000001011000011000000000000010101011000000000100000000000011001000110
000000000000101100110000000000000000000000000000001000010000000000010000100110010000100010000000010
000000000000100000111000000010000010000001001001000000000001110000110001000000000000100001010000000
000000000010000000000100000000000000001100000000000001000001000000010001000000000000000001010110010
000000000000000100000000000010000000000010000100001110000011000001000010001000000001000000000100110
000000000000101000000000000000001011000000100000001000011000001000000000111110000010000000100100000
000000000000010010001000000110000000000010000100110100100000000000100000001010000000101100000001100
000000000000011000110100000000110000000000000000001100000101000100000000010000010001000110001000000
000000000001100000100100000000000000000010000001000000000010000001110001010100100000110000010100000
000000000000000000000000001000000000101000010000000000000001010101010101011001001000110001111000000
000000000000000000000001000000000101111100100000110100110100000100000000000000000000000100001100110
000000000000010000101101110000000000000010000001011001000100010010011000000000000000000001100100000
000000000001000000011000000001001100000000101010010000000010001000011101000000000000001000010000000
000000000000000000000110000001000000000100100011010100101000000000000100000000100010000010100000000
000000000000001001110100010010110000001000000000000100000000001000000000010100000000000000001100010
000000000000001001000000010111000000001000001010001010000000000000001001000011000000000010001000000
000000000000000100000010000000100000000000010101000001110000000010000000000001000000011000101011010
000000000000000010100000000001000000000011000010001001000001000100001100100000000100000111000101010
000000000000000000000000000000000000000000000000000000000000000000000000000000000000000000000000000
0 0
98 98