99 99
000000000000000000000000000000000000000000000000000000000000000000000000000000000000000000000000000
000000000000000000000000000000000000000000000000000000000000000000000000000000000000000000000000000
000000000000000000000000000000000000000000000000000000000000000000000000000000000000000000000000000
000000000000000000000000000000000000000000000000000000000000000000000000000000000000000000000000000
000000000000000000000000000000000000000000000000000000000000000000000000000000000000000000000000000
000000000000000000000000000000000000000000000000000000000000000000000000000000000000000000000000000
000000000000000000000000000000000000000000000000000000000000000000000000000000000000000000000000000
000000000000000000000000000000000000000000000000000000000000000000000000000000000000000000000000000
000000000000000000000000000000000000000000000000000000000000000000000000000000000000000000000000000
000000000000000000000000000000000000000000000000000000000000000000000000000000000000000000000000000
000000000010100000000000100000001000001010000101000000000010011110000011000000000000001000001101000
000000000000000101011000000000000110100000000100011000001010100000000000000010000000000000000011100
000000000000000010000000010000000000010000110000000000000010000110100000001000000010100100000000000
000000000000010000100111001000000000010000101100000000000000100010000000000000010011000000000000010
000000000000010001000000010100010000011100000000111000000011000100100100011010011001000001000011100
000000000001001000001000000100010010000001010000000010000000000010000000000010010000001000001001010
000000000000000001100000010100001010001000001000000100100000100000010000000010110110000010100000010
000000000000000000011000100011000000001000100000000001100001101001000110000001000011000000000001100
000000000000010010001000101000010000001000000010010010000000000000000010000100100001111100000000010
000000000001000000100001000000000100011000010101001000001000000000100001000000000110000011000100000
000000000000111000000000000010100000010000110000100010100010000101001000000000101001000000000000000
000000000001000100001100000101000000000001000010001000000010010000000100010000001000000010000100000
000000000000000001000100100000001100000000001000001000100000000000000001000000000010010000000000100
000000000000010001011000001101010000010001100010010011100000000000000000100001000100100000010000100
000000000010101000001100100000000000000001000100101000000000000000000100000000000000001000000010000
000000000000111001000100100100000001000100000000000000010000000001000110000000000100000001100101000
000000000000100010000001010000001000000000000010000000000100000001100100000010010000101100110001000
000000000000000000001000001001001010001000000110100000000001101000000000011001000010001001000110000
000000000001111000001000000000000000000001100000001000000101000001101101000100010000000000010000000
000000000000000100001011001000001001000000100000000000001000100100000000000000100000010000000000100
000000000000001000000011001001010000000010001010000000000010011011001000000000001000100110000010000
000000000000000101101000011001100100000101000110100001000000000000100000010000010010000010000000000
000000000000101100001010000000000010000000101000100001010000000010110001010011000000000000010000000
000000000001000010100000010000001010010000000000100000000000000000001000010001000000000000000000010
000000000011010000010010010000000001000010100001000001000000001110010000000000000000010000001000000
000000000000001000000110000010100100001000000000001000100000011000000010010000110000010000001010000
000000000000010000000001000001100010011001000011000110000110001100100000100010110000000000100100000
000000000000000000000000101010001000010000000000111100000010000000000000000100101001100010000000000
000000000000000011000000000001000100010100000111000010100000000010100010011000100001100001001001000
000000000000000000000000100010001000001000000000010100000000000000001100010010000100110000101000000
000000000010000010001001000010000010000100010100100000000011010011000000000000100000001000000010110
000000000010000000000010010110000000000001001000000000000010000000001010000000000000000100011101010
000000000010000101000000000000000001001000100110100100101000011000000000100100001000100000000100000
000000000000100010000000000000111011000100000001001000000000000101100010000100000001000101000001010
000000000000000000001000001000000100001000000000100001000000010000000000011000010000010000000101000
000000000011000000000000100000000010010000000100010000100000000011010000000001000100000010010011000
000000000000100000100001000000000000100000000000010000100100000100000000100000100010000001100000000
000000000000110010001000111100000100000100101001000000000000011000111010101101100100000000000010010
000000000010011000100001000000100000001000000000000000010101000001010100000101010100000000010010100
000000000000000000000001000000001001001110000100000010000000000000100100001100100100000100010110010
000000000000000001000000000101000000000100010001000000000000000000000000010000000001001001110000010
000000000010000000001001100000000000101010000101010010010001100000000000000000000000000001000000000
000000000000000000000000001000000010000000000000000000000000000000011000000000010010110000100000000
000000000001000110000000000000000000000000000000000100000001000000000000000000000000001001010100010
000000000000010000010010000001100000000000101000000000000100000001000110110111000100100000000000000
000000000000001000101110000000000000000000000011000010000000000000001000000000000000011001000000010
000000000010110010001000100001000000000001100001110000000000000000000000000010110000000110001100000
000000000000001000010000101001000001000000000011000000101001000001000000000000000000001000000000000
000000000010000000010010000010000010011101100110100001000000100000001001000100001000001000011000000
000000000000000000000000000000100110100000000101000101000000011000001101001000000100110010000101000
000000000000010000000000001000100011000000000000000000000001001000000011100001000000000000001110000
000000000000001011011010001000110000100000100001100100010110110000000100000010100001010011011100010
000000000000000000100000000000000110000000001000010000000000110000000000001000001010000000000011000
000000000001000000000000000010010001000000000001000000010000100010000000000000000001001010001000000
000000000000100110000011001000011101000000100010000000000000000100000100010100001010000000000000000
000000000000100111000001000000100101001101011001010000000000001000000001100110000010000000101000000
000000000000000000010010011000010000100001001000010000011011101000010000001000000011000000000100000
000000000000001010011101000001000000000110000000001001101001000000100011000000100000000000000010100
000000000000000000100000111010000000111000000000010100000000100100110000000001001000010001000011000
000000000000010000000000000010000000110110011100000000000010000010010011000011100001100000000000000
000000000000100001000010000010010000100101000001000001000110100001001000000000000000101101000000100
000000000000101000001010000000001101000000100000010001000000010000011000100000100010000000000000000
000000000011000000000001000001111010101000000100001100000000001001010000000010000000000000001000000
000000000011000000000000001001010000100000010000000000011100100110001000000011110100010110100000000
000000000000000000100000100001001101001000010010000000000110000010011001010001000000000100010011000
000000000000010111000000010000000010001001010000010100000000001000000010010010100000001110010000100
000000000010101000000000000000001000010100000010010001010110000001001011000000010100110000101110000
000000000011000001000010000000100100100000110001000000011000010000010000001001011000000100001000100
000000000001011100001101001000000000000010000000110001001000000000000001000010000000000111010000000
000000000000000101001100100000001000000010100000010000100010000000100111011010010000000100100100000
000000000000100000100000000010000000000000000000100010000011000000010000000000010010000100001000010
000000000000010100100000100101100000000001000001001000000100000001000000000000000000011000100010000
000000000000100000000000000000000101000000000000001100001100000100000000000000000000110010010000000
000000000010010000010100000001100000011010000000100010000000000000110001001000001000000010000000010
000000000010001001000100000010000000000000010010001000010000001000100100000000000001010100000000000
000000000001000000000000000001111010000001000100001101101000000000001011000010010000000000000001010
000000000000010000000000001000000011000100001001001000000001101000100100101011001100000100000000000
000000000000101000100010100000010000000100000000110010000001110000100000000001000000100001010001000
000000000010000000000000001100000000010000000000100000000000001100000000001000100000100101010000000
000000000000000000100000110001010000000101100010000010010011000001000011000000100010100000000000010
000000000000010100000001000010000001000000010000101000001100010001010000000000001001000000000000010
000000000000001010000100000000101001000000101010011100010000111000000000000010000000000010010001100
000000000000000000100000000101100000100000000001000110000000100010110000000000000001000000000000100
000000000000000100010011000010010000010000101000110000010000000001101000100000100100100001010001000
000000000001000000100000000100001000101000000001000100000000000100000000000011000001000100000000000
000000000011000100100000100100000000110000000000000000001000001000011100010010010000000000000100000
000000000000010010001100010100000001001000110000000000000000100000000010000000000000000100000001010
000000000000011100000010000100101010000000000000000000000000001010000000100011010000000100010000000
000000000000000000000000000000000000000000000000000000000000000000000000000000000000000000000000000
0 0
98 98