99 99
000000000000000000000000000000000000000000000000000000000000000000000000000000000000000000000000000
000000000000000000000000000000000000000000000000000000000000000000000000000000000000000000000000000
000000000000000000000000000000000000000000000000000000000000000000000000000000000000000000000000000
000000000000000000000000000000000000000000000000000000000000000000000000000000000000000000000000000
000000000000000000000000000000000000000000000000000000000000000000000000000000000000000000000000000
000000000000000000000000000000000000000000000000000000000000000000000000000000000000000000000000000
000000000000000000000000000000000000000000000000000000000000000000000000000000000000000000000000000
000000000000000000000000000000000000000000000000000000000000000000000000000000000000000000000000000
000000000000000000000000000000000000000000000000000000000000000000000000000000000000000000000000000
000000000000000000000000000000000000000000000000000000000000000000000000000000000000000000000000000
000000000000000000100000001000110000100000000110000011000110000000011000100000010000000100100000000
000000000000000111000000000010001100000100011000001000000000000011010000000000000000000000111100010
000000000001000010100010011100000000000110001110000000100101000100000000110100101110000000000000000
000000000000110000000011110000000100100001011100000001000000000101100000000001010000011011000010010
000000000000010000000000000000000011100000000000000000001110000100000100000000000100000010000000000
000000000000001001000000010000000000000000011000000100000110100000000000100000100000100100010000000
000000000001000100001011000001010000001010000000000000000000000001001000001011000100001001100000000
000000000010000100000001001000000000000000000001110000001000110010011000010110000000000110000000000
000000000000000000000100000100000001011101000000001000001010000000010000001000101000000100000001010
000000000010100100110111001000100001000111001000111110010000000100000000000000100000000000000010000
000000000000000100010110010010000000000010000000010010100001110001011000000000000010000011000001000
000000000000000000000000110100000100101110010000100000000100010001011110000000000000000011111000000
000000000000000011100000000000000000000001000001100110101000101001000101001000000000101000100000010
000000000000010000100001001000001000110011011101000001000010000010000010000000010000010100101001010
000000000000000000000000000000001000000000010010000000000000010001010000101100000000110100000000100
000000000010001010010000000001000000000001100010011100100000000001101100100000000000101001011010000
000000000000000010000000000000010000110000010001100000000000000000000000001000000001000000000100010
000000000000000101001010100010101000000100110010000100010000000000100010000000000000001000000001010
000000000000000000000100010110000100000001011001000001000000010000000000000001101011000000000000010
000000000000010001010000000000000011000000000000001000100011000100100100010000100001000001010100000
000000000000010000001010001100000110000000100000000010000100100011101010001000000000000000001001000
000000000010000000000000000010000000000000110000000000001001000000000001000000010001001000100000000
000000000001011010010000001000101100100000001010000110000011001000000001000000000000100010100000000
000000000000010000010000000100001000101001000000100000000000000001000001000000000001001001000100100
000000000001001000000100000001101001100000101100010000000100000000000000000000001000100000000000000
000000000000001100000001000101000000000100001100000000000001000000001000000000010000000010000000000
000000000010000100011100011000000000000000100000101100000000001000010000001100000001011000000010000
000000000010000010000010100000110010000001000100000000100000000000000011000001000100010001000000100
000000000000010001000000001100110000000100001010010010001000000000000010100001000000000000000100000
000000000011000001000011000000001000000000001000001000100001000000011100000000000000100000100000000
000000000001000011110000001000000010000100010000000000001000000000001000000110000010010000000101010
000000000010010010000000000100000000010001000000000000011000000100001001000000100000000100101100100
000000000011010000000010000000101000000000001000001000100000000000000000001000000010001000000001010
000000000000100000000000000000000000000000000001000000001100000000010110001000010011000000100000010
000000000010100000000000100011000010000000100000001100100000000010000000100100000001000010011010000
000000000000000100000011011000000000010000010000010000000000000000000000001001000000100000010010000
000000000000000000100100010010000010000000001110100001000001001000110100100000000000110000100100000
000000000000000100000001100010000110010000001001000011000100000000000001001000000000000101001010000
000000000000100001000100010110000000001001101000000000011000000100010010100000101000000000000000100
000000000011100001100000100100100000000000001001000000001000100001100001001001100000000000001000000
000000000001000000001000000100000000000000001110001000101000000000000001001110000000000100000000000
000000000000000000010100101001000010101110000000000000110100000100010100000101000000000001000000000
000000000001001000010000001000100001100101010000010000001001000000000011001000000010001000000100000
000000000010110001001000000000000010000000100000010010010100000001000101000010000000000010000001000
000000000000000110101000000001000000001000000000010000000110100000100000011000000100100100001011000
000000000000000000000000101000100000000000001000000110000100100011000000100000001000110100100010010
000000000000000000000000010000001000100000000010000000000110010000001000001000000000000000000000000
000000000010000010010001011101100000010001000000000000000101100011000000110100100010000000000000100
000000000000000000001100001001100000000000000000001011000001100000000000000110010000001000010101110
000000000001000000000000011000000100001100000000011000110100000101000000000000000010000000010000000
000000000001000100011000001100001001000001010001000001101001000000010000000100001001100000000000000
000000000001010100100000000000000000100101000001000000000010000110000011001000000010000010000000010
000000000000000010001000000001001000000000000010000000001000010000100000000011000000011001010000000
000000000000001010000100000000000000000100000000000100101000000100001010000000000000010000000100000
000000000000000000000000110101000110100000110001000100001001100010000000000000001000100000000000000
000000000001100000000100011000000000000010000011010000000000000000001000001000001000000000000000000
000000000000100001110010000001100100000101000010010100000000000000000000000000000001010000001000000
000000000000000000010000011000110110000010010001000000000000000010000000010000000000000000010100010
000000000000011100000001001000000000001000010010101010000000000100000000011000000000110101000001000
000000000000100100000101100000010001100000001000100010000000001000001000001000001010000110110110000
000000000000000001101000000010000000000000000000000000000000000100000000000000001001000000001000010
000000000000000100010101000101000100101111011001011000000000000110000000000000000000010000011011000
000000000010010000010001100110100000000000000100000000000001010010000010100010010001010000000100000
000000000010011010000001000000001000100000000100000000000000000001100000001001001001010000000001100
000000000000000010100010010000000000101000010010010000000000000001100001110010001000000010100000100
000000000010000000000100110010000001010100100001010010100011000000000001010001000001010000010000000
000000000000000010000000011010010000000000101010010000110100000000010000000000110000000001010000100
000000000000000010000010000000100000000000001000100000000100001000100011000011010001000001100101000
000000000000010100000000101100100010001001000000011000000101010011100000100000101011000000101000000
000000000000110000000000001001000000110010000000000000001000000100000000011100001000100000000110000
000000000001100000000110010000001000000000001000000100100000000010001100010000010000010000000000000
000000000000000010110000100000100100100101000001010000101000000000000000110000011000000000110000000
000000000000000000000010000100000001000000001100000001100000000000000000000000010100000000000000000
000000000000001000011010010010000000001010000001110000000100001000000010000001000011101000000001000
000000000000001000100000110100110000000000010000001010000001000010000010000001000011001100000000000
000000000000000000000000000011000001101000000000000000001010110000100100000001010000100000000000000
000000000000000000000000100000000000000000011000010101100011000000000011000000000011010000000001000
000000000000011000010000010000000100100000000010001000000001000000011101001000001010001010000010000
000000000000101000000000001000000000000000000000001100010000001000000000001000000000001000000100010
000000000001000000100000000100100000001000110100000000001000000100100000000100000000101010000000000
000000000000100000001010010110000000000000001000000101000000001000100000000100100000000100100000000
000000000000010000001001100100100000000000000000000000001001000110010000000001000001000000001011000
000000000000000000000000000000100000001100000000000000010000000000010010001000000000000000000000000
000000000001000010000100010001011100000000000000100000011101000010000001100000000000001000111000000
000000000001000000000000000001100000000000000000000000010100011000000010000000001001000010000011010
000000000010100000000000000010000001000010000100000000010000100110000100010000001000010100000000000
000000000011110010001000000001000000000101010011000111000000010100100010000000101000000110001111000
000000000000010000000000000000000000100000000001001000001010000000000100000001000100000001001100000
000000000000000000000000000000000000000000000000000000000000000000000000000000000000000000000000000
0 0
98 98