99 99
000000000000000000000000000000000000000000000000000000000000000000000000000000000000000000000000000
000000000000000000000000000000000000000000000000000000000000000000000000000000000000000000000000000
000000000000000000000000000000000000000000000000000000000000000000000000000000000000000000000000000
000000000000000000000000000000000000000000000000000000000000000000000000000000000000000000000000000
000000000000000000000000000000000000000000000000000000000000000000000000000000000000000000000000000
000000000000000000000000000000000000000000000000000000000000000000000000000000000000000000000000000
000000000000000000000000000000000000000000000000000000000000000000000000000000000000000000000000000
000000000000000000000000000000000000000000000000000000000000000000000000000000000000000000000000000
000000000000000000000000000000000000000000000000000000000000000000000000000000000000000000000000000
000000000000000000000000000000000000000000000000000000000000000000000000000000000000000000000000000
000000000000000000001100000000100010010100000100101000000000000010000100001000000000111100011000000
000000000001000100011000000000000000000000001000111010010011001000000000100100001110000000000100000
000000000000000000101000001100000000010000001000000000000000101001000100000010010001100110011000000
000000000000100000100100011011010000001000000110000101100000010000000000110100000000000001100010000
000000000010000110110100010001000001000010000001100001000000010100100001000000100100000000000000100
000000000000000010100100000000000000001010111100000101000100110001000000010000100000000110000000100
000000000000010001001001100000000000000000101000100000000100000001000000000100000000010000000000000
000000000000000000100000001100000000100001001001000001000001000000100111000000100000100100001100010
000000000000100010101000011100000001000010001010001000001000000000010000001000010100000000101000100
000000000001000000000000000100000000000100100000101000000000010000100001000001000000001010100000000
000000000000100010001000000000000000000000001010011010111010100101010001000000000000000000000001100
000000000000101001000010000000000000110100110000010110000000010000000000100000100000001010000000000
000000000001100100000000000100000001001000000000100000000000110000010011010001000010000000101000000
000000000000101010100001000000010000101000000100000110100010000100100000100000001001000010000011000
000000000000000000000000000000100000010000100100000000000111000100010010001000000000000000000100100
000000000000000000000000100110000000110001000001101000110110000100101010100000000000001000000000000
000000000000110011010000010000000100000000001000000000000000011000000000000000110001000100000000000
000000000001000010011000010001001001010010010010001000000001110000000110000000000001010000000011000
000000000001001000000000010000011000001110110100000000011001000010100000010000000100001001001001000
000000000010000001110100110000000010010000000010000000000000001000000010100010001100000100010000000
000000000000000000000100000000001010100000010000100100001001000000000100000001010000010001000110000
000000000000100001000000000010000010100000001000001000100100000000100000100100010001010000000100010
000000000011001010000001100100010000000100000000000000000000000001010000001000001010000000101000110
000000000000000010110000001001010100000000000011100001000001110000001001000001100000000000000000000
000000000000000000110011010010000001100000000000000010001000000000000000100000000000001000000000100
000000000001000100000011010000000101101000000001001000000000100110001001000100101000000000000000000
000000000000000100101010001000010010000010000001010100110100000000000000000011100000000000000000000
000000000000000000101000001011000100000111000100000010000000000000010101100000110000000111010100000
000000000000100000010010001000000000000100001000010000100000000000000010000000000000100000010101100
000000000000001000000000000000000010000011001000001000001000001100100100100010100010100000011000000
000000000001001000001001000010000000010000000010000011000010001000000001101000101010101000010100000
000000000000001100011110000000001000000010000100010001000000000000010010000000000000000000000110010
000000000000000000000000101000011000000000001000000010000000010000000100000000001001000110000000000
000000000000000010000000101000000100000000000000100000000000010000000000000101100001000010000010000
000000000001000010011101000101100000000001010000000000110000000000110000000000000000000000000010000
000000000000010110001000010000110100100001001001000110000000001010000000000000001000000010000000000
000000000010110110001000000000000000000000011100000101001000000001000000000000000000000100000000010
000000000010000000101010010001000110000010000001000100000000100001100000000001000010100000000000010
000000000000100000000010100001101000000101010111110000000001100011000000000000100010001100000100000
000000000000000100101100000000010010001000000001000110100000100000100010000000000100000100110000000
000000000000100100000100000000100011000000010101100000100010001000100000011000100000001001101100000
000000000000000000100001010000001000000010010000000000000000000010001000000100100000010000001000100
000000000000000000101001100101000001100100000000100010000100000100000110010000000010110000000100110
000000000010010000000000010000000000000110001000100000001100100100000000010000000001000010000000100
000000000001000000100000000000011000000010001000010000000000100011100010101110001000100000000101010
000000000001001000110001100001000010100010000001000100101001100001001000000001100000000000110001000
000000000001000000000000000000110000110000000100001001100010010011000000100000000000000000001001000
000000000000000001000000000001000010000110100000000100000001000000001000000000010000000110000000000
000000000000011100000100000010010000011000000010001010001000100000000000000000001000011000000100000
000000000010100101000000000000011011000000000000110010000000100000000010001000010000100001010000000
000000000000010110010110000101110100010100000000000010100000011000000000000000000010000001011010000
000000000000100000000000010001000010100000100000000100000000100000010011000001000101010000010000000
000000000000000000001000000001000110110000000110100010010000000101100000000110000100000000001001000
000000000000000100000001000100000001001100100100010100000010110100110100100000010011010010000011110
000000000000000000010000011000000010000010000000110001000000000000110000000100000001100100000000000
000000000001000000000000000000000010000101000000000000000000100000001100010000000000000000000001000
000000000000001010000000000000000010000100100000001010000111000100010001000000000100001000010000010
000000000010000000000101110001000000000000100000001101000001100110000000000000001000000010000000100
000000000000000000000100010000001000000000101011010000010001011010000000000010000010100000011001000
000000000000011000000000010000000000100010000011001001100010000000010000000100000000000010101000000
000000000000010101001000000000000000001000001100000100100000110010010010000000010000001000000000000
000000000010100010010100100000100100010001001001000100001100000000000001001000000110000000001101010
000000000011000000100000100100010000110000000001000100000001000000000100000000000000000000101010000
000000000000001001100010011001000001010000001000001101110000000000000000101100000010100000000000000
000000000000110010001000000000001000000010000001110000000010000000100000000001101010010010000100000
000000000000000011000000001000100000000001000000010000000001100000000010000000101000100000100000000
000000000000010000100000010010000101000000000000000001100001100010011000000001000000000000000101000
000000000010000001001000100000000000100001000000000000000001000011101100001001000001000000001011010
000000000001000001000000010000010100000010001101000000000011001010000000100010001000110000010101100
000000000000000100001001000110001000000010000010000000100001110000001000000100000000000000001001000
000000000000100100001110000000000111001000100000000000010000010101000100010100100000000010010001100
000000000000100100000000000010000000100000001010000000000001010000000101000000000011000000100000000
000000000000100100000001000001000011000000000000000000001100110000001000111000000001001000000010000
000000000001001000010000001000000000000000000000000000100000001001001000000000000001010000010010100
000000000000000001001010010000000000000000100000000010000000000101000100000000000000000000000000010
000000000000000000010000000000000000100000011100000000000000001101010000000101000011000100001001000
000000000010000000001100000001100011000100000000000000110000000001101100000000000010100011000000000
000000000001000101001000100000000000000010000011000001101000000000000000000100001100001000000010000
000000000000101001000001010000010000000010010000000010000011000100010000000000000000000100010110000
000000000000000010110000010011011000000100110000000000100010000000001100100000100001011100001000010
000000000010000010000000000000001100000000001000010100010000001001000000000000000100000000001100100
000000000001000000011000000000000000000000000000010001011000000000100000000010010010100000100010010
000000000000000000000000010000101010000000000000000000010010000010000000000000000010000000000000000
000000000000100000000000000000011001000000101010000000001000110001110100000010101000000100100100100
000000000000010000010010000001000010000000000000100001000100000010000000000000001101000001010110000
000000000001000100001100010000000000000010101000001000000010010001100000000000000000000000000001000
000000000001011000001110000101101000000000000000000000000100000000000100000100000000000000000100000
000000000001001100000001010000000001001010100001000010001001110001010000100000000000100100000000000
000000000000000000000000000000000000000000000000000000000000000000000000000000000000000000000000000
0 0
98 98