99 99
000000000000000000000000000000000000000000000000000000000000000000000000000000000000000000000000000
000000000000000000000000000000000000000000000000000000000000000000000000000000000000000000000000000
000000000000000000000000000000000000000000000000000000000000000000000000000000000000000000000000000
000000000000000000000000000000000000000000000000000000000000000000000000000000000000000000000000000
000000000000000000000000000000000000000000000000000000000000000000000000000000000000000000000000000
000000000000000000000000000000000000000000000000000000000000000000000000000000000000000000000000000
000000000000000000000000000000000000000000000000000000000000000000000000000000000000000000000000000
000000000000000000000000000000000000000000000000000000000000000000000000000000000000000000000000000
000000000000000000000000000000000000000000000000000000000000000000000000000000000000000000000000000
000000000000000000000000000000000000000000000000000000000000000000000000000000000000000000000000000
000000000000100101000010000000110000000000000101000100010000001010000000000110000101001000000000000
000000000000000101000010000010000000000000100000011001000000000000000010000000001000000001100000000
000000000011000000011110100010000010101001010010000010000000100001100000110001011001000100000000000
000000000010000100010100001000010000001000010000000000000000010001000000000000000000001011000000000
000000000000010000010010000001000000100000000111001000000000010010000000100000100100000110100100000
000000000000100000000100010010000100000000010000101100000001000000000000010110000000000100100000000
000000000000010100000000010100101001000010100100001100000001111110000001000010000000000000111100100
000000000001010100101000001000010000000000001000010001000010010000000000000010000000001000010000000
000000000000001010000000000010000000101100000101000000000100000011001000010110000001011100000000010
000000000000100001000100000010000010010000000000000101101000100001001001000000100000000100000000000
000000000000010100100000100110100000001000000001001010000000001110000000000110101010101000100000000
000000000000001100100000010110001100000000000000101000110001100000000000000100000000010000000101000
000000000001001010010100000100100010000010000000100001000000000000000100000110000000100001010100000
000000000000000000000101000001010000101100001000011000000100001010100000010000001011100000000000000
000000000000000000001000001000000000010000101101100000000010010000010001010001100000000000000000000
000000000001010110000100010100100000010000001000001000001000000010100000001010010000000010000000000
000000000000001000100000000100100100010000000000000001001001101110010000010000110000001001000000010
000000000001000100000000111000110010000000101100000000101001000000010011000000010000110000001010000
000000000001010000000100111100010100000000101000010010001000100000000010000000001001010100001001000
000000000001000100111001010001000000100000000010001000000000000000000000001110000001100001000000000
000000000000000010001000000011000011000000000000010101001000001000011100110010010000000001000000100
000000000000011000110101000001000101100010000100010110100000000001000000000010000000000000001000000
000000000000000000010001100100000000000010001100000000000000000000001000111010110000001100000000010
000000000000100000101010000100000001000100000000000001000000110100101000001010000001000000100000010
000000000001000000100000001000000100000001000000110001100101001100101011000000001001000000000000000
000000000000100010100000000001000000001000010100011000100001000000000001000010000010000001000010000
000000000000000000100000100100011001000101000000000000000000000010000000000011000100001000011010100
000000000000000000010000000000100000000001000000001000000010011001000100000010000001010110100000010
000000000000000000000000000000001010000000000010000001010000000010010010010100010100001010000001010
000000000001010011000000100001000010000100000011100000100000100000010100000000000010010000000000010
000000000000011000010100000100100001000000000000010000000101000010000000101100000001010000000000000
000000000000000100000010001100000000000000000000000000000000000000001000001001000000001000000010000
000000000000010000000001010001000001010110001100000001000100000000000000100000000000000000010110000
000000000000000000001100000000000000010100010110000100001000000000110000000000100000000000000100100
000000000000011010001011011001000000011000000100000001000000000010001101001000010001000011001000000
000000000001001100010100001001000000000001000000000010000000000000001010010101101001000010001001000
000000000001000011101000001001000100000000001100000000000001000010000000000100000000010100000000000
000000000000100010001000101000100000000001101000000000001110000000100000100100100100001001111010000
000000000000001010000000000000010000000000000000010101110010000000100000000110000000100010000001000
000000000000011000100110100010010101000010000100000000000100000001110000001000010000000000000100100
000000000010100000000000000000000001000010000000010100000010000110000000000000111000000100000001010
000000000001000001101101000010000000101011000100011100000001000010000001010000111000010010111000000
000000000001010010001110000100000000000000000001010001010000000000011000000100010000000000011000010
000000000010000001100010000000010001100100001010100000111010000001100000101000100001001000001100000
000000000000010100000000000000001100011100001100010001100100000001011000000100000000000010000000110
000000000000001001101100110001000001000100000001001001100100000001010000000011000100001010000000100
000000000000000001011001011000000100001001000011001000000100100001001010100000000001110000010000100
000000000001001010000100000000000110000000010100000000000001000000000000110000000100100000001100000
000000000010100001001000000001000000100000000001001011001000011000000000011001000000100000000000010
000000000010000100001000000001000000000000001010001011000001000100000010000010000001000010000000010
000000000000001000010000000110110000000001101000001001000000000010000100010000000000000000100000000
000000000000000010000000100000010000000001100000000001000001001010000100101000000010010000000001000
000000000000000010000000011110000101000000001001100000010000000101000000000000000000100000000000110
000000000010011000000101000000000100000000001100000011000000000011100000000000000100000000000000000
000000000000100100000000000100100000000010001000010000000000000000000001100010000000011000000010100
000000000001010010000000000000100000001001011000100000000000000100000110110001010100000001000100010
000000000000000100000100000000110000000000000001000100000010101000011100001000001101001000111000000
000000000000100010100010000000000010000000010000001000000000000000010000000000000000000000010000000
000000000010000000000000000000000100000000001010000101100000000110100001100000110001110000000010000
000000000000000101010000000000101010011000010000010010110001000010000000010100100000000001001010000
000000000000000000000001000000000010001100100010100110000010001001000111101001000000000010110001000
000000000000100100001000000000000000000000000100000101000000000010100010101101000000100000000000010
000000000001000010000001000010000000010010010000011000000000100101000000000000000100000000000010000
000000000010001000100000000000000000000000000000000010000000010000010000101000000010000100100100000
000000000010000010000000010000000010000000011100101100000000000110000000001100000000000000001000000
000000000000110001000011010100000010011000000100010100100101000000000010000001100000110000100100100
000000000000100000100010000001000100000101100000000100111000000010000000000000010100000010000100000
000000000010100100011000110100010010101000010000000000000001010010001000000000010000010000001010000
000000000010001000001000000001000000000000000001010000111001001000000000010010010011000001011000100
000000000000010001011100000101001010000000000101000101000110100000010010100000000000100001100001100
000000000000000011010100100100101100010010010010000001100000000011000000000000000001101000010000000
000000000000000100000110010000110010110000001000000100010100000000001100001010000000100100010000100
000000000001000000010000011000000000100000000001000010010100000110010010000000101001010001000000000
000000000010000010000011000100110010001001001000000011100000001010100111001010000100010011100100010
000000000000000000000000001000001000000001100100101001001110001000100000001000000000000000001001100
000000000010000110000100001010000000000000110000000000000000000000000001000010110010000111000001000
000000000001000000001001000000100000000000101100001000000100100001000011010011010000000101000000010
000000000000000000000000100001010000000001000100000100001011110100000000001100000100000101100000000
000000000000001000010001010001000100000000000000000001000000001000000001100100000100100101000101000
000000000000000000000110010000001010000000001000000000010001010000100101001001001000000110000101000
000000000001100000000001000010000001000001000101001100001010010000000100001110000000000001000000010
000000000010000101011000000000100000000000000000001100000000000000000000000001010000011001000010000
000000000000100000101001100100001000000101011000100000000010000100001001000000001001100000000010000
000000000000001000000001010000000000000001000010001010011010001010100000000010000111000000000000000
000000000000001010110100000101001000000000001000000001000000011000001010000000011000000000100000010
000000000000000001000101000000001000000100100000001000000000000011000010001001001100100000000000000
000000000000001000100100000001100000000000011010000100000101100000000010000000000000000111010000000
000000000000000100010000000000000101000000000000000001100010000001010100001001001100000000000000000
000000000000000000000000000000000000000000000000000000000000000000000000000000000000000000000000000
0 0
98 98