99 99
000000000000000000000000000000000000000000000000000000000000000000000000000000000000000000000000000
000000000000000000000000000000000000000000000000000000000000000000000000000000000000000000000000000
000000000000000000000000000000000000000000000000000000000000000000000000000000000000000000000000000
000000000000000000000000000000000000000000000000000000000000000000000000000000000000000000000000000
000000000000000000000000000000000000000000000000000000000000000000000000000000000000000000000000000
000000000000000000000000000000000000000000000000000000000000000000000000000000000000000000000000000
000000000000000000000000000000000000000000000000000000000000000000000000000000000000000000000000000
000000000000000000000000000000000000000000000000000000000000000000000000000000000000000000000000000
000000000000000000000000000000000000000000000000000000000000000000000000000000000000000000000000000
000000000000000000000000000000000000000000000000000000000000000000000000000000000000000000000000000
000000000010000000110001000000001000000100000000100001001000010011011000100000010000000010000001000
000000000010100010000000000100010000100000010000000100000000010100000011100000100100110100000110000
000000000001100001000000100000000000010000010100000010000000000000010000000000101001000001011001000
000000000000110100110001000000000000000010001000001100001001110000000000001001100000010000110010000
000000000001000010011010010000100001000000011000000000000101010101101001000110001001001000000000100
000000000010010010111000000000000100011000000000000000001000000000000010100000001010000000000000010
000000000000001000001000010001000100000100000100000100010000000001000000110000011000000000011000110
000000000000011001000010000001101000000000001100000000001000000000000110000010000000001101011000000
000000000011100110000000010011100001000000100011101001010100000000000000000010000110100000001000000
000000000000000001000100101000000000010101000100100000000010010001000000000100000001010001000000000
000000000000010001000000011100010100001000010000100000010000000001000100000000000000000100000000000
000000000000000110000000000100001000000010100001000000100000000001000010000001010010101000000010000
000000000000000100011000000110001110000000011000001101000000010000000000000100010111001010010000000
000000000000010011000000100111000101010000010010000010100010011010110010001001001000011001000000000
000000000000010000000100000000011001100000001000110000100110110101000011010110101001000000101010000
000000000001100010001001100000100000000010000011000000000000000001001000000101001000111000100000000
000000000001001000000101000001100100100100010000100010000100100100000000000010000010000000101000000
000000000000000011000000101000000010000001000010011000001001000011000000000110000000100000001001000
000000000000010000101000100000111000001010011001000101100001100001010110000100000001000000001000000
000000000000000001000000001111000100000001000000000000000001000010000001000000000010000000001000100
000000000001100101000000001000100010011010000100000000000000011101000001000000011000000000101110000
000000000000000010000100000000101011000000000000010000001111000100111000010011001000000000000000000
000000000000000001010101000100000010011010000000101010000100000000000000000000000000000000000001000
000000000000000010100011000000000100100110100010001000110000000000110000000000011010010001100100000
000000000001001000000000000001000110000110100000001111000000011100100000000010001100001001000010000
000000000000011011010000000010000000100000000001010010001000001000000101010010000001000000000000000
000000000000000001010000110010100001110000110000100101001001000010000000000101000000000011000000000
000000000010000101000000000000000000011000010000100000000100100010110000000101011100010101000000000
000000000010000010010100000000010000000100000101000000000000100100011000000000000000010001000000010
000000000001100100010000000000000001001000100000000010000100100100011010000000111010010011000010100
000000000010000010000000000010001000001000000010000100100000001100001000100010010000000000000000110
000000000000000100010011000010000000001001000110000000100001000101001000000110001100100001001010000
000000000000010000001000010001100000010000000000101000100010100010000000100100001000100000110000000
000000000001101001000000000010101000010000000000000100000100000000110000000100010001000000010100010
000000000010001010000000010000100101000001001010100011010000001000100010000001000000000000000000000
000000000000001010000001010000001000000100110000001100000001100000011010010100100000000000000001000
000000000000000001000100000010001001000000000000000101100001000100100000000001001000100000100001000
000000000000000000000001000011000011000001110010100000100000000000000000001111010000001000001000100
000000000000000000010100000000100100000010000000001000000100000000100100001000000101000010000001000
000000000000100001100000000000010110010000000000000000000000011001101000000000010001000000000000000
000000000000000000000110011000011100000000000000001010000000001000001000100000000001001000000001000
000000000001000100101010000000000000000100010000000011000001100000010000000101000000010000000100000
000000000000000001000000100010100000010000001000001000000000000000100010100000000001000100000000100
000000000000001001100010010100000100101000000100000000000001000001000100010001000000000100000001000
000000000000000000010000000001001000011000010001000010000001000000000000000100000100010100010000000
000000000000110000000000000110000000001100001101000011000001101000000100001000100101101000000000000
000000000001000000000010000100100001000000010000000000000000011010000100101000000010100000000000010
000000000000000000111000000010000001000010000100000100010100000000010010000010100110000000000000000
000000000000000000011100010010001010000001001010100000000000000000000000010001000000010010000101000
000000000000100010001110000000001000101001000000001001100100001001000000000010100000000000010010000
000000000000011000100100000000000000000000000000000001100000000000010000011011001010000010000000000
000000000010100001011110010000000000000000000010000100000000000000000000000100100110100011000100000
000000000000100101010100100010100000000000100001010101010010000010001000000100000000000000110011100
000000000000000000000000001010000000010010100000000001001000100000000011100111000000110001000000000
000000000001000100000100000000000000010000111000101000000000001100000000000010000001000100000000000
000000000000010010001000010000000000000100000001000000010000001000101000011010000010000110100011000
000000000000000000100000001000101000000101001000000000000000001000000000000000000000100000000100000
000000000001010101000010000000000000010001100010101001101100001000000000000000100001000000000001010
000000000000000101000110101000000010100001000010001100100100010000001000011000000000000101001100100
000000000000001000000010100000100010100011100001010000000000000001011001011000001000000010000000010
000000000000100000010001001001000000000100001000001000100100101000000100110001110100000000000001110
000000000001000000000000100001111000000110001000100000010000010000001000000010000010111010101000000
000000000000001100100000001011000001001000000000000110000001101100000001001101000100000000100000000
000000000000100000000000100010000111000000001011001000000001010000100000000001000100100100010000000
000000000010110100001000000000001000000000001000001000000000000000011100101000010000000000000100000
000000000001010000000000010100000100100010000100000000110000100000000100000010000111000100110000000
000000000000101000000000000001001010010101100000000000001000100000101000000100100000100001000000000
000000000001111000000100000000000000010010010100000000000001000001100000011000000000000100000000100
000000000000010010010000100010000000000000000000000001000011010000100001000001000000000001000100100
000000000000010000100010000010001001000000000000011010000011000000001000101001010000000001110001000
000000000000101100000010010100110000110001000010000000010101101000000000000101101000000010010110000
000000000001100001001000101000001000000010000001000000001010101001000000000010000010010000101010000
000000000000100000000000000000000010000010010001000000001000001101000001000011000110010000001000000
000000000000000001010000000010001000000000101110010000001000100000000110001000101110000010101000000
000000000011100000111001000000100001010000001010000100010001000100000000001000100000000000000111000
000000000000000000100001000000010001001000100000110001000000000100000010000100100000100011110110000
000000000000000001000001000100000000000100000000000000000000000100100001000001011110000000000000010
000000000000001001100100101000100000000101000011001000000100000010000000010100000110000100001011000
000000000000000110000100001000000000000000001000001000010000100000110000000010010001100000001100010
000000000001000100010111000110000101010011000110000000100000010001000000100001000001001010000000100
000000000000000011000000000110001100100011010000000000000000101000101000100000000000101000000000000
000000000000000010000000100100100000000001100000001000001000010000000000000000001010100000000000000
000000000000010001010000000101100000010011000010000001101000010000100100001001001100010000100000000
000000000000000001101100000010010000000000011000000100000100010000000000010101110001000000000000000
000000000000000001000000000010000000011001000000000001110000000100001000001010000000000000111000000
000000000000100101000000001100010100110010110010000000000100000000000000001010000000101010000001000
000000000000110011001000100101001000001000010000000000000001000111000010000000100000001001110000000
000000000000000001000011000100001000100000100101001010000000100000000010000000000100000010000010000
000000000000000000000000000000000000000000000000000000000000000000000000000000000000000000000000000
0 0
98 98