99 99
000000000000000000000000000000000000000000000000000000000000000000000000000000000000000000000000000
000000000000000000000000000000000000000000000000000000000000000000000000000000000000000000000000000
000000000000000000000000000000000000000000000000000000000000000000000000000000000000000000000000000
000000000000000000000000000000000000000000000000000000000000000000000000000000000000000000000000000
000000000000000000000000000000000000000000000000000000000000000000000000000000000000000000000000000
000000000000000000000000000000000000000000000000000000000000000000000000000000000000000000000000000
000000000000000000000000000000000000000000000000000000000000000000000000000000000000000000000000000
000000000000000000000000000000000000000000000000000000000000000000000000000000000000000000000000000
000000000000000000000000000000000000000000000000000000000000000000000000000000000000000000000000000
000000000000000000000000000000000000000000000000000000000000000000000000000000000000000000000000000
000000000000000010000000010000000100001000010000000000000001010000000011110000000000000000010000000
000000000000100001111100000110100000001000000100100000101000001000100000110000000000100000000100000
000000000000000001000100100010000010001011000001001001100000000001000111100000010000000000001001000
000000000000000000100000000000100001100010100010000001001000001010100010000011000000000000000000000
000000000000001000110101100001000000000000101000011001000000010001110011001100110000000000000001000
000000000000100010000000000000000000001111000010000100110000000000100011100010000000000000110000000
000000000000000101001100011000001000100000000000000101000000101000000010000010010011100000100000000
000000000000101000001000101110010000000000000100010000000000101000000000100000000000100001100110000
000000000000000011100100000000000000111001100000000100000100100001100001000000000000001100001001000
000000000000011100100000100010000100100000000000100000100010001100101100000000010000000001010001100
000000000001000000100000000000000000110001001000001110000010000000000000000010000100000000001000000
000000000010100010000001010000100010000000000100100010000000001010000000000010010000000000000100000
000000000001001000010000100100100010011100000000000000010001010000000000000000000000000000010000010
000000000001000000110000000111000000000001100000000100011000000110000000100000001000011010000000000
000000000001001000000000000001000000001000010000000001000010000101000001100000000000000001001110000
000000000000010000000100110000100100100100011000000000100100000001000000000000000000100100001000000
000000000000001000000001010001100000000000011000000010010000000000110001100000000000000010000010100
000000000000110001000001001010000000001010000001000100001100010010000000000000100000100001100000100
000000000000101010001001000100010000000001010101000000000000001000001000000100000000001000000001000
000000000000100000110000000100001101001110000010000000110000000000001000100000001000101100100000000
000000000000000001000000100000000000100100000110010000000001001111000010100000001000000100000100110
000000000000000000000000000000000110000100000001000011000000000001001001001101000001000000000000000
000000000000000000000101010111010001000000000011000100001100110000000000001000001100100110000001000
000000000000010010000000000000000010000100000000010000000100000000100000000101100100000100000001010
000000000001010000110110000010000000101000000110000000000001010000000001000000000000100000010001110
000000000000000000010001110010010010000000110110000000000000110000110010100011001011000000000010000
000000000001000100100011101000000000100000000000000001011001000000001000001001100110000100000001010
000000000001000000000001000000100010000000000000000000100000010000010000001000000100100101000000100
000000000000000000001100010001001000000101000000000100000001000000000010101010000100100101000101100
000000000010010101000000001000000011011101101100000011001000000100010000000000000000001010000000100
000000000000000000000100000011000000001000010100011001100000010000100000010001010100110100000000000
000000000000000000000100000000000000101101010110000000010000000001100100000000000001100000001000010
000000000000000000000000000100000111000000000000000000001000100001000000000001011100110010010000000
000000000000010000000110000110000001001000000000010000011000000000001000000100100100100000000000000
000000000001110000000000010000010100100000011000000000000000000010000000000000100000000101000001000
000000000001000000000011001010001000000000101000000100001000000000000000001010000000000000000000100
000000000000000100000000000000011000100000000110000011000100000000000000100001011100000100100100000
000000000000000010100001000011000000010001100100010001000000010100000100000010100000000000000001000
000000000000000000101000101100100000010101001101000000100100001110000000000010100000000000100100010
000000000000000010010000000000001000010000000001000110000000001000000100000000000001111000000101000
000000000000000100100000000010001000000001000001000010001001000101000000000000000000000001000000000
000000000000100000001000000101100000100010011110001001000000000000000001001000000000000001000000100
000000000001011101000011100100100000011000001000000000000000000000000000100000001000100000110110000
000000000001011001100000001010100000000011100000000000001001100000010000000000000001010000001001010
000000000010000000100000000000000000000000000000000000000000010000000000000000000010000110001000010
000000000000010100100011000100001000101101000000000010010000000110000101101000000010100000001110010
000000000000001100000110000110110000000000011000000100101000000001000000001000100000000011010100100
000000000010000010001000001010100000100000000100001001011000000000101000000001001100110101100100100
000000000000001000101011101010000100001000000100010000000101101000000000001000000000000011000000100
000000000000100010000011101000100001010001000010000000000100011000001000001000000001000000001100010
000000000000000100001000000010011000010101000011100000010000000001000000000001100000000000000100000
000000000000100001011001100000001000001000000000000010010100000101000100000010000001000001001000000
000000000010000100000000000011000000001000000100100011000111001011000000000001000010000011100100010
000000000000000100001001000100000000010000110010100010000010100100010000000000001100001100010010000
000000000000100010000010000000000000001000000000100111000000010000101000000000010001000000000000000
000000000000000000000000001101010010001001000100000100000000010001000101000000110100100000010000000
000000000001000000000110000101000000000010000001000011000000010010100001010000001010010000000000000
000000000000000000100010000010010000010001001001000000001000110100100010000000001111010000100000000
000000000001000001000001000000001010000010001010001001011101000001000000001001101000000111011100000
000000000000000000011000000010000001001000010000001001010001001000101000110100001000100000001000010
000000000010000000100000100000000000001000000000000100000010100001010000100000110000000000000000000
000000000001000100011000100000101100000000000011000000000101000001000000000000000000000010010000110
000000000000000010001100100000000000010100000000001010001000000000010111001000000110011101000010000
000000000000001010000001000001011000001000000000000100000101000000110010000010000001000010000000000
000000000000000000111001000000000000101000011000000000001001001010010000000000000000010000100000000
000000000001000100000010000000010000011100000001000000100000100000010000110100000000000000000000000
000000000000110101100110000000011000001000010000100001000000100000010001010100000001001110110101000
000000000000001001000000000000100000110110000000100000000000010000000000000000000010000000101001000
000000000000001000000000000100100000101000010100000000100110000000100000001100001100000011000000000
000000000001000000000001100000010010100100010000100110000010011010000010100000010000001000100110000
000000000000100011000000000110100100000010000001111000100011011001000101000001000000010000000001000
000000000010100000010001000000000001000000100000100000000000000010010000001110001000000000001000010
000000000000000000000001000000000010011010000001010010000000000000100100000001000101010001001010000
000000000001000000000000000100000000100110001000000011101011000000010010000110001000110100000000100
000000000000001000100001000000000100001000000000001000000000110000100000000100010001011000000000100
000000000001010000000000010100010110110000001101000000100000010001001001001000010000001000100000100
000000000000000000000000000100101110000011001111000010010010000000101100000010000000100110000010010
000000000000000000000100000101000110000001010000000000010000010010010000000000100010000100010000000
000000000000011000100000010000001101000000110000001000000011000001000011000010000100100100000001000
000000000000000000100001100100000000010000000100000110000010000000000000000000000000001000000000010
000000000001100010100000101010000000000000000000000010001000001001000000001000100100001000000011010
000000000001000001000000000000000001000000100000001001000000010000000000001010010000000001011000000
000000000010000000011100001000000001101000000000100001000000000000000000010001100010000000101000000
000000000000001000000000000100010101011000000011001010110001000000000010001000001010100100011000000
000000000001100000000000000000000010000100000010000000000011010000000100010000101000100011000000000
000000000000000110000010100000011100100000000101000000000000001010000010000000000001010100000001000
000000000000000010000000010000001000000000000000000000000001000000000001000110000100000100000000010
000000000000011001001001000000000000100010001001000100000000001000100000001001000011100000000000010
000000000000000000000000000000000000000000000000000000000000000000000000000000000000000000000000000
0 0
98 98