99 99
000000000000000000000000000000000000000000000000000000000000000000000000000000000000000000000000000
000000000000000000000000000000000000000000000000000000000000000000000000000000000000000000000000000
000000000000000000000000000000000000000000000000000000000000000000000000000000000000000000000000000
000000000000000000000000000000000000000000000000000000000000000000000000000000000000000000000000000
000000000000000000000000000000000000000000000000000000000000000000000000000000000000000000000000000
000000000000000000000000000000000000000000000000000000000000000000000000000000000000000000000000000
000000000000000000000000000000000000000000000000000000000000000000000000000000000000000000000000000
000000000000000000000000000000000000000000000000000000000000000000000000000000000000000000000000000
000000000000000000000000000000000000000000000000000000000000000000000000000000000000000000000000000
000000000000000000000000000000000000000000000000000000000000000000000000000000000000000000000000000
000000000000000001000000001000100000001000000100000001000100000110011010101000010100100000110000000
000000000001100000011000001000000000101000000010100000000111111000000110100000100001001100000000000
000000000000100001100000000000100000111010001001000101000100000010110000000000001100101000000000100
000000000000000011000000010101000101110000000000000000100000110000000000000100000000010000000000000
000000000010011010000001100000100000010000100000000110010011001001000000000010100010010000010000000
000000000000001000001100100100000000000001000010001101100100010100000100000010100100010000000000100
000000000000000011001000001110000010010001000010000000000011000000010000000110001001010001000101010
000000000000010110110100000000000000010100000000000000000000001000100010000001010000001000011010010
000000000000001011110000000000000000001001011100100100101000001000000000110000000000000100110010000
000000000000100000000000000010001100000000001000000000110010000110000000010000110000000100000000000
000000000010010010000000000000100000000000010000000000000010100010000000000010000010010000010000000
000000000000010001000100100010001000000100100011000001100000000000010000000100000000010101011000010
000000000001000000001001011001010001000000000110100000000000100000000001100100011101000000000100000
000000000000000000010000100000010000001001000000001000000100000000000110001001000000010000000000110
000000000001100000000000000001000000010000000101010000000000000010101110001000000000000101100000000
000000000000100000001000010000000001100001001010000000000000000001000011000000010000000100100010000
000000000000100011011000000010010010000101000000111000000010011100101000000100010000000000000010000
000000000000000000000000000000000000000000000011000100000000010010010001000000100001000010000100010
000000000010000100000000000001000001000000000000001000111000000100000000000000110001101000010110000
000000000000100100100101001100010100001000001100001100110000100000011001100000000010001000001100010
000000000000001001000000011000010100000100010010000000000010000000010011100000110000000000000000010
000000000010000000000000101000000000010000000000000100000000010000101001011100001100001010100000000
000000000010000010000010010000001000000000001011110000000010001100000000010010100001000000000000000
000000000000100000000010000100000100001011000101000000000000000100000001001000000000000000011000000
000000000010000000000001001000000000000010010000000010000100000001001010100111100000010100000100000
000000000001000000000001000000010000000000101010000100100111000000000000110011011000000000000010000
000000000000000000010110100000010001000000000000000000000000100000100001010000110000000000100000100
000000000000000000110000000010000001000000000000001100000000010000110000100000000000000001001000000
000000000001000000000000000101001010000000000001001001000000000000000000100001010000001000010000000
000000000000000010110010100000000100010010000000001100000000100000100000000000000011000000001000000
000000000010000000001000100000000100010000100000001011000010100110010000000100010100000001010000000
000000000000100000000101001000000000001010010000000000000101000000000010010010010000000010110010110
000000000001010000000010101000001000101100100000001101110001000100010000000000100000010110001001100
000000000000000000001000110000100010100000000000100010001000010000000000000000100000010000000001000
000000000000000100001000100010100000010100000010000100000000010000000000000000000100100010110111100
000000000000000000100101000000100110000100010000000001000100000000001000100100010000000010000000000
000000000011110000000100000000100001100001100010000011000000000000010010000101000010001001000000110
000000000000000000010000001000101000001000010001001100000000000001010110010000000001000100000000100
000000000000000000000001000000000110001001000001000101000000000000100010000001000000100100010001000
000000000001000100110100100000000011001000001000000000000100000001000000010000000110010100010010000
000000000010000000000000011101000000010010100000010000000100001000110000000000000000100100000000010
000000000000000110010000000001001100000000000100010000010010000001100000100101000000000000101100000
000000000000010000000000010001010100100000000100100000010100000100010000000011000000000000100000000
000000000000100000001000001000000010101000010000000010100110000000110100010000001000100001110010000
000000000001000001010000000000000000000000010000000000100001011100010000100100000000110100100000000
000000000000000000100100000000010000000010100000010100000000000000000000000000000110000000010100010
000000000000001000010000000000000000100000000011000000100000000001111110001000110100000100000101000
000000000000101001000011010100000000010000000000000000000000000000000000000101001000010001000000000
000000000000001000000000000100000010000000000000110000010001000000000000000000000100010000000000000
000000000000110010000000000100010000010010010000001100110000000000011100100000100001010001111001000
000000000000000000000001000000000100011110001010000000011000010000010000000011000001000000001110010
000000000000000001110000010000000000000000010000011100001010110010001010000000000111010001000010100
000000000010000000010010100000100000101000100010100001000100000010000000000001010000000000100100100
000000000000000000010010000001001000000100000001100001101000110010100010000001001010001000000100000
000000000011000000100100101000000000110000010000010010000000000010000001000000101100000000001010000
000000000000100010000001001100000100101001000101011010001111000000001011010100010100001000000100010
000000000000010000000000000100000001010000000000010110001000100000000000100000001000000000000001000
000000000000010000000000100100000000001010000101000000001100001000101000100000001000000000100000000
000000000000100000001100000000000001010010010011000000010011010000100110001000000010010000001011010
000000000000000000010000000100010001100000100100000000000110001000000001100110000000011001001000010
000000000000100000000000100000000000000000000000001011100100001000001000000000110000100001000010000
000000000001010000000010000010100000000010000000011000010000111000010011000000000001000001000000000
000000000000011001010100000001000000000000000001011000000010010100100000000000101001010000100000000
000000000000001010000010010000000000000000001011100001001000000000000000001010000000000111010100000
000000000010000100000000001000000011100000000000100010010000010000000000101010001000010111000000010
000000000010000000000001010000000101010010000000101000000100110100100000000000001000000101001000010
000000000000100010100100101101000010001000000000100110000000100000101000100000010000000010100011000
000000000000000000000001010010000000100000011000000001110010000010000001000000001000001000000100000
000000000000010000000100000000010100100100000100000001000000000001100000101000010000000000100001010
000000000000000000001110000000100000010000000000000000100010000000000001100000000001010000000000000
000000000000100010010000001010100000100101000001100000000000000001101000001010001000000101000001100
000000000010000000011000010000100010111001000000000001010100010011000000000010000000000000000000000
000000000000000000000010010010001100100000000000010000000000000101011000100000000000000010000011100
000000000000000100100000000000001000000011000010000000000101000000001010001000000000101000010001000
000000000000100001000101010110000010000000010100001100000000000100000000000100000000110000000000010
000000000000000000010100010100100000000000000001000000000011001100000000000100000001011010000000000
000000000000001111000000000000000000010000000000000001000000100100000000000110000000100001000000000
000000000010010001011100101000000010000011000011010000000101000101000000000101000100000000000000000
000000000000011001111000100001101000000010010000001000000000010111000011000100010001100010000000000
000000000001011000001011100011000110001000000000000100000001000000001000000100000010001000000001000
000000000000100010001011000100110100000001000100000000101000001011001000001000101001000000001011000
000000000000001000000000000000011000000001010100100000000000001000000000000000000000100000110000010
000000000010000000010001100000000000001001000100100000101000000110001010010011010100001000001000000
000000000000000000111011000100010001100010000001000000001000001111000000110010011000000000000000000
000000000000010000000000000000010011100000100000101001100000011100000011100000100000110000000000000
000000000001000000001100100100010000000010010001000010111000010000010100000000000000000010100000000
000000000011000000000010000011000010010000110100000110100000000100010100000000000010010010000000000
000000000001000000010011100010000000000000110000000001000000000001100000000000010000000001000000100
000000000000000000000000000000000000000000000000000000000000000000000000000000000000000000000000000
0 0
98 98