99 99
000000000000000000000000000000000000000000000000000000000000000000000000000000000000000000000000000
000000000000000000000000000000000000000000000000000000000000000000000000000000000000000000000000000
000000000000000000000000000000000000000000000000000000000000000000000000000000000000000000000000000
000000000000000000000000000000000000000000000000000000000000000000000000000000000000000000000000000
000000000000000000000000000000000000000000000000000000000000000000000000000000000000000000000000000
000000000000000000000000000000000000000000000000000000000000000000000000000000000000000000000000000
000000000000000000000000000000000000000000000000000000000000000000000000000000000000000000000000000
000000000000000000000000000000000000000000000000000000000000000000000000000000000000000000000000000
000000000000000000000000000000000000000000000000000000000000000000000000000000000000000000000000000
000000000000000000000000000000000000000000000000000000000000000000000000000000000000000000000000000
000000000010010001001011100000010000001010011010000100010010000000100000000000001010000000000001010
000000000000000010010001000001010000001100000000011000010010100000010110010001000100000100000000000
000000000000000000000100100010000001000000001000000100010000000000000100000000000101000010000010000
000000000001000010101000001100001100000001000000010000001100011010001000000000000000010100000100000
000000000010001000001100000001000000011000000000100010001010000100000000000000001000011000000000000
000000000010000101100000100000010000000000010100001000000010000100000001000000111001000000100000000
000000000010000100000000000000010110100100000100000010010001000010000000000000010010100101001000000
000000000000001110000001011000000010100000001000000010001001000000100101000000100000011100001000000
000000000000000000000100000000010000001000111001111100000000000000000100001101000000100000110000000
000000000000100000000000000001000000000000000000001000000000000000001011001000001000001000000000000
000000000000100010010111010110000000000010101100001010110000100100000000000000010010000000100000100
000000000001000111010100001000001010000010000101000010000000000000001100000001000000000010000000000
000000000011000101010010000111010000000100001010011001100110001001010000000000001001100000001000000
000000000000010001010101000000000000000000000000000000101100100000100010101001010100010000001000000
000000000010100001001010000000000000000100000010010100000000010000100000000000000000000100000000000
000000000000000111100000000001010001001001000010000000010000010000000010000011001000000000000000000
000000000000000000000000000000000001000000000000000101010000000000000001010101110101000100111001000
000000000000100100010001010111000000001100000100000000000111000000011000100100000000001000000010100
000000000000000000010000010010100100000000010000101011001000011000000000000010001000100000100000000
000000000000000000001000000000000000000001010010000100010100000011100000001010100100100000000000000
000000000011000100000010001001000111000000000001000000000110110000000000010000100000000000000011000
000000000000000000000100000000100110000000111000110010000010100000000101100000010000000100000000000
000000000010010000011000001101100000000000101100000101000000000000000100111000000000000100001001100
000000000001001010000000000000001000000001010000100000000000100110100100100000100100100000000010010
000000000000000001010100000100010011000001100100010000000100100000000000011110010001111000010001000
000000000000001000000000000000001000010001110010000000000000010110000110000001000001101000000000000
000000000001100000001000010000000001011001001101010000000000101000000001000000000000100000100001000
000000000000000000000001001100001000000100000001001000010001010000000000000000000000000000000000010
000000000000000110101000000000000001000101011000010000010000100000010000100000001000000001101000100
000000000000010000001000000000100000000001000000000001000000010100000000000000000000000000001000000
000000000000000100000000000000100000000011000010010000001000100000010101001000000010001000100100000
000000000000001000000000001010010100000000001100001000010001000001000000010000000010100000000000000
000000000011000000100010000101000010110001000000000001100000000000000000000010000010000000111000010
000000000001000010000010000000001001100100010000001000000100000000010010111000010001000010000000100
000000000000000000010010000000000100010001010000000000000000000000000001001100101001101001000000000
000000000000000100000000000001011000010000001100000100000010100010001001000100100010101000100000100
000000000000000111110011000000010000101001000100100000000000110001000100101100010000000001000100010
000000000001000000000000101000000011010000000000010000000000000011001100100110000010010000100000100
000000000000000000001000000000100000000001100000000001000100000001000001001000010000000010010000010
000000000000000000001000000010000000000000000100000000010000000010000000010000100100000000100000000
000000000000100010000100000100100000000000000000100000000010110001000101000000100001010000000000000
000000000000110000000001010000000110000000001001000010000001100010000000000000001100001011000001000
000000000000000100001101100001000100000000001100001010101001000000100100001100000000000000110001000
000000000001000000000010100001000001010000000000000001100000001100001000000000010010000001000100100
000000000000011000000000000000000000011100000000001100110000000101000001000000000000000000000111000
000000000000000100000001010100000000000000000101000000000001000000001000101000000010111000000000000
000000000011100001101000000000000100001000010010000101000000000011000000000000100010100100000000000
000000000000001000000001100101010000000010000100000000001000000000101100100000000101000000000000100
000000000010010000000010000010000001000000111000100000000010000000100011000100100100000000000000000
000000000001100010100100000100001000010000000001000010001000000000000010000000010100010001000000000
000000000001000000100110000000001000000100100001000011010010000000000000100000000010000000000000100
000000000001000000110001000011001000000000011001101000000010000000000000010110001001000000000010110
000000000000000001000001010001100100001100000000010000000000000010000000001100000100100000000000000
000000000000010000011001001000001000000100010000000100000000011000000001010000100110010000011000010
000000000010001100000001000000000000100100100011000000000100001000001000000010001000100000110100110
000000000001001100101101000100001000000011001110000110000010011000000000000000001010000010001000100
000000000000010001010000000000010110000110010000000001000100101110110000100000000001010010000000000
000000000000000010000110101100000000010010001100001000000001001110100010000100000000001000000000000
000000000000000100000100001010010001010000001100000001000100000000100100000000010100001001001101000
000000000000000000000001000000001001000100001000011101000110000001000000000000100100000101001100000
000000000000000101000000000100000010010100000010100000000001001010000100100001000001000100100000000
000000000000000000000000000010100101100000100100010010000001000011000000001001000000000011101110000
000000000001010000000001100000001010100001001001100001000000100000100000001000000100000010100100000
000000000000100010000000010000001000000010010110010000000100000000000000100001010000000100000000000
000000000010000010010000000001000000000111000001100011000000000000000000000100000000000001110000000
000000000000000000000010111101100101001000001101000000000000000000010000110000000010000100100000110
000000000000000000100000000011001000001000100011010000110000000000100000010000001000000011111100110
000000000010100000000000100000101000000000000010000000000100000010001001000100100011000100000000000
000000000010100010000000010000010110000001100010001000000010100000001001000100110010000100000100000
000000000001100001000000000000100100001000110000010100000001010010000011010010100000001000000000100
000000000011000110001010010100000001000011100010100000011011000001000001000010000111001111000000000
000000000010000000000001001000101000101101010000011011000000000011000000000001000010000000001000110
000000000001101001010001000000000000000010100000000000010000010000010000000000001100000110001000100
000000000000001000000100000000001001000001000000000000010000000000001000000100000000000000100001000
000000000000010100001000100100010100111001000000100001001001000100000000111000000011010000000101000
000000000010010001010100110100000000000001000010010100100000000000000010011010000010100001000011000
000000000000001001010000100010000010001110001000000010000100000101000000001100010100010001011001000
000000000000010000000011000000001001100010000001100000010000000000000000001100100100000010000000000
000000000000010000100000010000001001100000010000001100100100100010000100000000100000001010000000000
000000000000101100001000000110100110000010000001000001001101000101001000101010000000000100110000000
000000000011000100000001000110000010000010000000011000010001000000000000000101101100010000000100000
000000000001100000010000100010000100000100100000000111000001010000011000000000000100000100000000110
000000000001000000100000000100000000000001000000001000011000000001010000110000000000100000000001000
000000000000111010101000111000000100000001000000000001100000000010010100000000000000000000100000000
000000000000000000000000000010001010000000000010000000000000001000010100001000110011000001011000100
000000000010000100000010000100000000000010110010010001000100100000000001100001000000100000010101000
000000000000000000100011000000001000000000001010010110000100101101000010000100000100000010001010000
000000000000000000001010000000000000010000000011000001001001010000001000010000000001000000001000000
000000000000000000000000000000000000000000000000000000000000000000000000000000000000000000000000000
0 0
98 98