99 99
000000000000000000000000000000000000000000000000000000000000000000000000000000000000000000000000000
000000000000000000000000000000000000000000000000000000000000000000000000000000000000000000000000000
000000000000000000000000000000000000000000000000000000000000000000000000000000000000000000000000000
000000000000000000000000000000000000000000000000000000000000000000000000000000000000000000000000000
000000000000000000000000000000000000000000000000000000000000000000000000000000000000000000000000000
000000000000000000000000000000000000000000000000000000000000000000000000000000000000000000000000000
000000000000000000000000000000000000000000000000000000000000000000000000000000000000000000000000000
000000000000000000000000000000000000000000000000000000000000000000000000000000000000000000000000000
000000000000000000000000000000000000000000000000000000000000000000000000000000000000000000000000000
000000000000000000000000000000000000000000000000000000000000000000000000000000000000000000000000000
000000000000100100100000100100000010010001110100000010000000000000001010000010000001010100110100000
000000000011010110100000010010000000000000100100000010000000000000101000000000100000010000000000000
000000000000101000000000000000000000001000000000100110000000000000000110100000010000010011000001000
000000000000000001001000000011000101011100000000001110100000010010000000000010000001001100000100000
000000000000000100000100000000100000010000110001000011000001000000001000010100001000010011010100000
000000000000000000000000000000100000000100000000011001000000010010000000010100101010010010011100000
000000000000001100001000000100001100000100000000000000011000001000010000000100000000000110000000100
000000000000000001000000000000001011000000000100001011010001000010000000010000011110100000101000000
000000000000000000001000000100100110001000011100000000011000000010000000010000000000100000000000000
000000000000000010101000000001000010000000010001100010000000000010011101010100100011000001001000000
000000000010011000000000000101101110000000100000100010010001100000000101000010000000000000110101000
000000000000001000001000000000000000010100010000000000011000000000000001000101010000010010000001100
000000000010010000010000010010000000001101000001100010110000000000000010000000001000000010000000000
000000000000000100000010010010000000011010010000001100110000000000000100100010000000000000100001000
000000000000010010000001010010000001010100010000010000011000001100000001101000000111010010000000000
000000000011000000000101000000000110000010000000000000001000000000010010110100001001100001000100010
000000000000100100000000000010000000010000000100000100000100000000000000100010000010101000000101000
000000000000000000000000000000001000000010000100000001001000000000000000110000101100001010000000100
000000000000000100000100100000001000001000001000000000000010011000000110010000000000101000001011000
000000000000000001000100001100101000010000000100000000100100001000001000000000101011000000000101000
000000000000000010000001110000000000011001001000001000000000100100001000100001000100011010000000000
000000000001000000000100010101000010000001001000010100000000000001100010000000100010000001000010010
000000000000010001010010000000001100100000000000010100010000000100000000100001000000110000000010000
000000000001100000100000000000000000000001000000100000000000001000000000100000100000000000000000010
000000000011100000100000000000110000000010000100000000000000001101110010100001100100000101100000000
000000000001010000000000100001000100000100010000001001001000010100101000000001010000011000010000100
000000000010010000000000000010000001011100001000110001000000000110100000010000000000000000011010100
000000000000100000000001011000010001000000000101000100000000000100000100000000001000000100000000000
000000000000011000000000000001000000001000011001000000010010001000000000010000010100001000000000000
000000000001000010100011000010110000000000000000001100101010011000101000000000111001110010000000000
000000000000000100010000010010001000010000000000000000000000010100000001101000000001000100000000000
000000000001000100100100000000101100001000000000000000100000000000000000010100000100000000010010010
000000000000000001000000000000000010101010000000000010000000001000100101000000000111001000000000100
000000000010100000000001000000000000000110001010100010010001010000100110000110010001000000000000000
000000000000000000000100001010000001001000000010110010000010001001010010111001000000100100011000000
000000000000100000101000011000000000011010000011010000000000000101000101000000000000000001000000100
000000000001100000000000000000000011010000010000000000000000000000000000010000011000000010001000000
000000000000000000000100000001000001000011000000000110000100000010100000011000000100011100000000000
000000000000000110010010000000100001011000100001010000001000001000000000100000101001000000010100100
000000000010000101000000000010100000100100010101000000100000000100001010100000100000000000010101000
000000000001100101001001010100010001100000001000000000010100100000001001010000100001010000000100100
000000000000000010000010000010110100100100000001000000100010010000100000001000000100111100000000000
000000000010001001010001000011000000001010000110000100100000000100000000000001000000000000110000000
000000000010000000000001100001010000000010000010000000110000100000100000001000001100100000000001000
000000000000100000001010000010000010101000000001001000100100000110000101001000010000001001100001000
000000000000010000010000000010010000001001001000000000001000000001000000001101111000010000000001010
000000000000001001010000000100000100001001010001000000000000000010001000100000100000001000010001000
000000000000100100001000010000100001010000000011001000000011000100101001000000110000001100100000000
000000000000010000010000000000110001011010000001010100001010000000000011110000000100011000110001010
000000000001000000110000000000000000000010000110000000000011000001000000100110000000100110000010000
000000000000000000001100000000101001000000000001000101000011000010001000001000001100010111010110000
000000000000000001100000000100000010001001000000000010000100101001100010000000111010000000010010000
000000000000100000101100010011000011010000010000000100010010010000100000000000000000000001000000000
000000000000001000000000010000100000000000000010010000000000000000010000000001000000000000001000010
000000000000101000100000011100010010000000100100010001000000000010010010001001001100000011000000010
000000000000001000000110001001000000001000000100010010000000000100000101000000100000000000001010000
000000000010010000000000000000010000000001100000000010100000100000000000001000110001001010000000110
000000000000000001000100000000100010000000010001100000000001000000100000000000001000000001010000000
000000000000000000000001000001000000001000010000001000000001100110000111000000001011000000001110000
000000000000000100000010001000001011001000110001011010000100100000011011000001101110111001000001110
000000000001000011010000000000000001001010100001001000000000000100000001000000010000000000000010000
000000000000000000010001010000001000010100000000000010100000001100110001001000000101000110100000100
000000000001011000010110101010000000101010000001000000000000001001000001100000000000100000000100000
000000000000010000000000001000101000000000010101100000000010000000011000000000101000100010100001000
000000000010000000000010000010000010000100001000001000000011000000000110000001101000010001000000100
000000000010000000010000100010000000100000000100000000000000001000010111010000100001000000000000000
000000000011001000000000011000000010001000001110001000000010001000001001000011000110000010010001000
000000000010000000000000010101000000110000000100001010000010100011100000000010010000101100010000010
000000000001000000000110100000010000011010011001100001000000010000000010000101000000100000000001000
000000000001101101100010001010000000100000000000010010001000001110000001101001000000000000010000010
000000000001010000100001010010011000100110110000001001000100000000001000011000000000100101010000100
000000000000000100000000010000100000000101000000001000000000110100000000001100000101010001100000010
000000000000100000000000000101001100001100001010000000011001100000000011010011000000001000000000000
000000000010001001100000000011000000001100000010001101010100110010000001000010000000000001101010000
000000000001000000000000100010001000000000101100110010000000000010000100000010000000000000000000000
000000000000010000000000011001000000000000000000001100100000010100000000100000000000001000100001010
000000000000000010010010010100000100000000001001000100100101000010100000100110100010010000010000000
000000000000010110000110010000000011001010101000010000100100000000001001010000011000000010000000010
000000000010000000000010100100000000010000000011100000001010001000000000000000000011001000000001000
000000000000100101000000000000000000000110000000001000000100010100100101000100001000000001000011000
000000000000000100000000100000010000111000000100010010100001001000001001101100001000010000000000010
000000000000010000000100000000100011000100000000000000001100001000110010001000010000011110100000100
000000000000100011000000000000000100000000000100000100100010000101110100000110000001000000000100010
000000000000000100100000000000000000000000000000000000000001000001010010000100010100100000001111000
000000000000000010000000101000000000010000000100000000011000000000001001001000010000000000010000010
000000000000010110100001010010000000100000000000010000010000100010000010000000000000000001101000000
000000000001000001111000100000000000000010011001000000100000000001000000000101100010000000000000000
000000000001000001010011010001000001001101000110001100000000000000000000101000101101010000000000000
000000000000000000000000000000000000000000000000000000000000000000000000000000000000000000000000000
0 0
98 98