99 99
000000000000000000000000000000000000000000000000000000000000000000000000000000000000000000000000000
000000000000000000000000000000000000000000000000000000000000000000000000000000000000000000000000000
000000000000000000000000000000000000000000000000000000000000000000000000000000000000000000000000000
000000000000000000000000000000000000000000000000000000000000000000000000000000000000000000000000000
000000000000000000000000000000000000000000000000000000000000000000000000000000000000000000000000000
000000000000000000000000000000000000000000000000000000000000000000000000000000000000000000000000000
000000000000000000000000000000000000000000000000000000000000000000000000000000000000000000000000000
000000000000000000000000000000000000000000000000000000000000000000000000000000000000000000000000000
000000000000000000000000000000000000000000000000000000000000000000000000000000000000000000000000000
000000000000000000000000000000000000000000000000000000000000000000000000000000000000000000000000000
000000000000000000001010000000000000000000001000001000000100110100011010001000000000000011000001000
000000000000000000000100000010000000000000000010010000000100001000110000100000000000000001001010100
000000000010011100100100000000000010100100000100000011100000000000100000000000000001001000000000000
000000000010100001000100001010001111010100011000000101000000100010000010001100001001010010100000010
000000000000000001000001010100000000001001000000000000000000000010001000000100000001100001001010000
000000000000000000010001100000001000010000001000110100100110000000000100001000010110000100100000100
000000000010000010000001010001000100100110000100100000011000000000000000001000000100110000100000000
000000000000010000000110000000000110000000000010000100100000000100000000001000001010000000000000000
000000000001000000110001000000001100000000000100011000111000100000101101001000101000000000101000110
000000000000000000001000000000000010100010011010000011111000000000000110111001000000000001010000000
000000000001100010001010010000001100001000000000000100000010100001001101000000000011100000001000000
000000000000110001110000001101001001000000111110100000000010001000000001100000001000001000000000000
000000000000000000000000000110110000000000000000000001000000001000011000000000000000010000011000010
000000000000100010110110000100100000001000000001101100000110001000010000000101000010000000000000000
000000000000010000001110100010000010001000000100001010000100000011000100000000010001001000001100110
000000000011100101001000000011000000000101010000000000010000000000010000010000001000000101101010000
000000000011000000000000100001100101001010100100001000000001000010101000010001010010000000001001100
000000000010111001010000100000101000000100000010000100000100010100000001000000101100110000000000000
000000000001000101001000000000000010000000001100101100000010111000000000001000010000100000000010000
000000000000000000010010001000000011000010000000100110000000000000000000000100000000010100001110100
000000000000001110110000010100000000100010010000110011100000100000010011001000000000000000010000000
000000000001010001100000000101011100000000001100000000001010001000100010000001000101010000011001000
000000000000000011010000000001000000100011100000011000010110000000000000001011010000110000001000010
000000000000100000000000000010010000010001000000100000001000100000001000000000000000000101000000000
000000000010000110000000100000000001000000010010000001000001010001111100000000000101000001010010000
000000000000110000000000010100000110001000100000001001010000001000000100000010000100000001000010100
000000000000001000001000000110011001001000010011001000100000000000000010000000000110010010100000100
000000000001000010110000001100001011000000000001100100110000110000000000100000001000010000010000000
000000000000100000010000110000010000010000000000000000010000000100101000000000000000100000001000000
000000000011001010100001000100000000000000000100010000000000001100001110001000000011010000100000000
000000000000000000011010000000000100000000000100010100110000000000010000011000010001000111001000110
000000000000001101000000000100100000001000000010000010001011000000000001001000000000100100000000000
000000000001000000000010000000000100000000000000000000000000010010000001000000000000100100000001000
000000000000001110100001100000010000000010000001000100000100000100100001001001010010000000100000010
000000000000000000000100100001000010000000000001000100000000000000000000000011000010001100000000010
000000000000000000000000000001000000001101000000000010000010000001101000100100001010000001100000100
000000000000001000010010001000000100011001101000100001000001001100001000000000001000000001000000000
000000000000000000001110000000100001001001010011000010000000000000000001000000000000000000001000000
000000000000010101001010000001000000000100010000101000000000000000101001100000000000000000010000000
000000000000000000001000000010000101000000110000001000100001000000000101000000100000001001010111010
000000000010000000000000010000001001100001000011000010001000000010000001000001010000000010000000000
000000000000100000000001010000000100000000000000000110000000000101001011000000101001000000000000000
000000000000100000000000001000000110000000000101001010000000010000101010000000100110000100000010000
000000000000000000000000001001010100010000001000010000110100000010000011001010100000001001001100010
000000000011100000100000000000000000000000010100100000000001000100000001000100011001100001011000000
000000000001001000010100101000001000010000001000000100110000001000000000100011000010010000100100100
000000000000100010000000011001011000001000000010110000010000001000100010010000000010100000000000000
000000000000100000101100000000000100000111010001000000100000000000110000110000000000001001010000100
000000000010000000100000100000010001000100111010000000010000000000000100000001000000100100000000000
000000000000001010000000000000001010001010000100010000000100000000010001010000100000000000001010000
000000000000100000000010000101000100010101010001000000001100011001000000001000010000000000100000000
000000000010001100000100000100000000001000000100000100000001001000000101000000000101100000100010000
000000000000000001000001000000100000010000010001100000000000000000000010000001001100000100000001000
000000000010001010000000000010000010100000000000010000000000000100000001110000000110000010100000000
000000000000000010101000101000000000000010111100100000000100000001010010100000001000011011000000000
000000000000000000000010000000100011100011001100010000001000000110100000101001101000001010001011100
000000000000000000001110000000010001101100101100100000000000010010001000001000000010011000010000010
000000000000010000000010101000000101000011100001011000000001000100000000000000100110000010010111000
000000000000000000000100000100100000100000001011010000100111000001100000000100110000100100100110000
000000000000000000100100000000100000010000000000001010001000111001000011000110100001000000000000100
000000000000000000100011011000000000000100001100000000000000000101000001000000111000100110000100000
000000000000000010100011000100000000100000001010100000000000000100100001000010000010100100000100010
000000000000100000000001001000000000000010000000000000100000001000000000001010000001001010100100000
000000000000110010000000000000001001010000011001100000010100001100100000000001101000000000110001000
000000000010000001010100000001000000000000000100010100010000000100101000000001101010000100010000000
000000000000100000000100010001000100100000001000100100011011000000100001011100100000000001000010100
000000000000111000100000000000100000011000100010001001000001010001000000000101100000000100000000000
000000000010000010100000010100000000100000000000000010000010001100100000000000100000100010000000010
000000000000000000000000000000010000010101000000011100010000000000000000001000000000000000011000000
000000000000000001110000000000000100010000100000000000000000100000000000100001111010010001000100000
000000000000010000000000000000100010001000000001101010000101010000000100010000000000000110000000100
000000000010000010000000010000000010010000010000000001010000110000101011100000000000000011000000000
000000000000100000100000001000111001000010000000000100000000010100001000000010000010011010010100000
000000000000000100000000001100000100000000011001000010000000110010100000100000000010100001000100000
000000000000000000000111000010000000000100011000010001001010000000000100000000000000000001000010000
000000000000110000010010000000100100100000000000100011001100100001000000000000010000000001000000000
000000000000000010000000000100000001000000000010000000100010110010100000101001001010010000001010000
000000000011000000000001000010001001000001001001000100100001000101001000000000011000111000110010000
000000000000001100000000001000100000110000000000100010100101011001000010000000001000001001000000100
000000000010000001010010000100000000001100000000010000010000000000110100100000000010000000100010000
000000000001000000000110001000100000010000000000001010001100000010001001001100000000010000000010000
000000000000101000010000100111010010000000100000001100100000000000100000000101000000100010000010000
000000000010101101001000000110000000000010000001111011011000000111100110101001000010100001000000000
000000000000011000001000000000000000000000000100000010000001010010000000100000010000010011000011000
000000000000000100010011110110000110100000000100100000001101100000101001100100000000001000000110000
000000000001000000010001000000000000000100000000010000101011000100101000000000000010000010001000000
000000000000000000000000000000001001000001100000000000100000000100000000000000100000001000101010010
000000000011000100000011000101001111001100011000111000010011000101000000000010001101000000000000100
000000000000000000000000000000000000000000000000000000000000000000000000000000000000000000000000000
0 0
98 98