99 99
000000000000000000000000000000000000000000000000000000000000000000000000000000000000000000000000000
000000000000000000000000000000000000000000000000000000000000000000000000000000000000000000000000000
000000000000000000000000000000000000000000000000000000000000000000000000000000000000000000000000000
000000000000000000000000000000000000000000000000000000000000000000000000000000000000000000000000000
000000000000000000000000000000000000000000000000000000000000000000000000000000000000000000000000000
000000000000000000000000000000000000000000000000000000000000000000000000000000000000000000000000000
000000000000000000000000000000000000000000000000000000000000000000000000000000000000000000000000000
000000000000000000000000000000000000000000000000000000000000000000000000000000000000000000000000000
000000000000000000000000000000000000000000000000000000000000000000000000000000000000000000000000000
000000000000000000000000000000000000000000000000000000000000000000000000000000000000000000000000000
000000000001010000011000101001000000100000000011010000000100010000010000010000000010001000000010100
000000000001000000000010001001010010100000000000010100010000000100000000000000000001000000000101100
000000000010000100110000101000001000000000101000000100001000010000010010100000000000011000000001010
000000000000000010010000000000011011011000000000010000000010100010000001000100000000010100001101010
000000000000010000011000001001000001010100000000000100001000001000000010101001000110000100101000010
000000000001110000000000000000000000000000100000000010011000001000000000001100000000000000000110010
000000000000000000000000000011000100000000010010000000100010010010110101111101000010000010000000000
000000000001100011010100001000000000000000010100100010000010100100101000000000100000000000001000000
000000000000000001000000000000100000010000000000000000111000100000000001111000000000010001000100000
000000000001000100000000000001000000100000010000101001001000000100000101111000001000000000010010010
000000000000000000000000001000000000000100001000000110110000000010000010000000000000000000001000110
000000000000000100001001001010100001100000000100000000001000010110000100101011010100000000100100100
000000000000000000000000100000001010000100000000001000000011001100011010000010000000000100100000010
000000000000100000000000000000010000010000000000000000010000000000000000000101001010000100001000000
000000000010100100000001000000000010001000010010000101000010100001001000000000000000010000000001000
000000000001100010000010010100000000100000010101000000000000000100000011000010001000100000010100100
000000000010100010110100000000000000000000000001100000010000011001000000010000000000000000000110100
000000000000010000100010100100000000000100000001000011010000000000110000010000000000100010000000000
000000000001010000000010011000010101000000000011000000000010110101010100000000100000000000000001100
000000000000100001000010000000001100010000000000101001000000011001000110110000000000100010100110000
000000000000000101110100000000101000100000001000000100001000101001000000000000000101000010100001000
000000000010000000000000100010100010001010000000000100100010000110000000100000000000000000000010010
000000000010011000000000001010000100001000001000010010000010000000101000001100000000001101000000000
000000000000011010001000001100100111000010001110100000100000100100011000000000110001000110000000000
000000000000100101011000000000100100001011010000000000010000000001000000101100000000010000000000100
000000000000000010001000001010000000001000010100000000100000000001000000010000100000000001000010010
000000000010000000000000000100001000011000011000010000000000000010000011000000001100000010000000010
000000000000000000000000001000001101101000000010000000100000000000000010100010000000001000000001100
000000000000011000001000100100010110000000000000010100101010000100000010000000100100001010000000100
000000000000000000000000001100000011000111110000000000100001110010001010110000000010000100000001000
000000000000000000100010000010000000000000010000010000101101101000001000000101011000000010000000000
000000000000000000100000000000100100000100011111000010000010011000000000001110000110001100100000010
000000000011101000000100110110000001000100000010100001000010010000100000001000001010001101000001000
000000000010001000000011001100000001000000100000100100000010000000100011000000000000000000011001000
000000000000011001000100100010000110010111011000000000010100111111000001001010000100100000011000000
000000000001100101010000000110010000010000001000101000000000100001000000100000000000000000101100110
000000000000000100000000010100000000001000000000000001110000000001000101010011110010001010000010000
000000000001000000110000000000000000000010000111000001001100000000000010000000000101000011010101000
000000000000100001010100110000001000000000000000000000000000001000000010000001001010000000000000010
000000000001010010000011001010000010000101000000010110100010000000000110010000000000111010000100000
000000000001000001001000100100010100000001000100000000000001000010000000000010000100100100000100000
000000000000001011000001011100101000000011000001000000000000000000000000000000000000000000000000000
000000000000000010010000101000010000100001000000000000000100001000001000000000000001000000011010000
000000000000100000000000000010010000000000111000010001100010001010001010100000001100000000000111000
000000000000100000010101000000000011000010000001010000000000000000101001010000110000000110110100100
000000000000101010100000010100010000000110000100001100100000001000010000000000010010000010100100010
000000000000100100000000001000001010000100001010000011010000000001000100010001000000000110100000000
000000000000000100110000010001100000000000010010000000000001000000010100100000000000010010000010010
000000000000010000110000000000000011100100000000011111000000000100011000000000000110001000001110000
000000000000000001000001010000001000000110010000001100101010001000010000010010100000000101000000000
000000000001100000001000000100011010001000000000011100000000011011000000000100000000000001000000010
000000000000000000100001010000000010100000100001000000000100100010000001001001011000000110000000100
000000000001100010000100111000110000000100000100001100001000000100100000010001000000001010101110110
000000000000010010000110000110000000010011000001000000000001000000011000001001000000001010010000000
000000000010001000000000110000000100000001000010001000000001100000100010000000001001000000001000010
000000000001000110000000110000010101000001010000000100001000001010010000100000000100001100000001100
000000000000011000000001001001000000010000000100000100010000000010011000001000000110001010000000000
000000000000000001000000000100000000000100110000001000100100001000000010000000000000010000101000010
000000000000110000001000001000000001000010100010000111000010010001001000000011001010000110000000000
000000000000100010100001010000100000001000010010000100000000000000000010000010100011000000011000000
000000000000110010000100100001010100010100100000101001100100000010000100100001101001001000000001000
000000000001000000010000110100000000100000000000000010110001000010100000001100100000001010000001000
000000000011100000010000000000000000001000100010001000000000000000000000001000100110100001000000000
000000000000001100001100100101000000000001001000100100000000000010000000001110100000000100101000000
000000000001011100001001001000000100101000100000000000100000000100010110000000100000010110000000000
000000000000001000100000000001110011001000100011110000000100010010000000101001100000000000000101000
000000000000010000110000000010100000100010000010000110000000000100001000000000010000011000000000100
000000000000010000011000000111000000000010000100010010000100000011000101100000000000000001010010100
000000000001000010001100111000001000000000010000010010010010000010000000101101011101001000001000000
000000000000000100000000000010000000000000000100000000000000000101100011001000000000000001101000000
000000000010000000000000000000011000010000100000000000000000110000000010110010000100000000001001100
000000000000000100100011000100000000000100100000000000000000001000000110001010011101000010000000000
000000000000100001000000010000001110000000010010000000000110000101000010001000000100000000100000100
000000000011010100000100100001010000000000100001100000100000000001110000110000001110110100000000000
000000000000000000000001001000001000010101010000011010000000000110000010101100000000000011000100100
000000000000010011010000000000000111000000100000000000010000000000000010000000010100000011010000000
000000000000000000000000100000000100010000010000000000000100000000001000100010100100000000001000100
000000000000100100001100000000110000000010000000000011000010000010000000010000000000000000000001000
000000000000001001000100000000000000000100000000000000001000100000000001000001001000000100110011000
000000000000001101000000100100000000000100000000100000000000000010100100010100010000000001000111000
000000000000000000000001101101000100000101000111000000000010000010000001000000110000000010000110000
000000000001100100000000000001001000100000000010001100000000000000100010010000100101011000100100000
000000000000011000000000000000000000000100000000010100001000011000000111111000100010000010000000000
000000000000001010010001110100000000010000100000010000100000001000000001000000001000000000000000000
000000000000000000000100001100011000000000001100000010001010000000000001000001000000010000000000000
000000000001000000001000000000010000110100000001000000000100000100000000100010000100000000000000000
000000000000000100000100000010000011000010100000000000000100101010000000000000010010010000000010000
000000000011100000101100110001000000100000100000001000000010000000011010000000000000000000000010110
000000000000000000000000000000000000000000000000000000000000000000000000000000000000000000000000000
0 0
98 98