99 99
000000000000000000000000000000000000000000000000000000000000000000000000000000000000000000000000000
000000000000000000000000000000000000000000000000000000000000000000000000000000000000000000000000000
000000000000000000000000000000000000000000000000000000000000000000000000000000000000000000000000000
000000000000000000000000000000000000000000000000000000000000000000000000000000000000000000000000000
000000000000000000000000000000000000000000000000000000000000000000000000000000000000000000000000000
000000000000000000000000000000000000000000000000000000000000000000000000000000000000000000000000000
000000000000000000000000000000000000000000000000000000000000000000000000000000000000000000000000000
000000000000000000000000000000000000000000000000000000000000000000000000000000000000000000000000000
000000000000000000000000000000000000000000000000000000000000000000000000000000000000000000000000000
000000000000000000000000000000000000000000000000000000000000000000000000000000000000000000000000000
000000000000000000000001110100010001100110001000100000001000101001101000000101001000110100100000000
000000000000000100000001000000100010111000000110010001000000000100000000000100000010001100010010010
000000000000000000000010110000011000010000001000100000000010000000001000100000010100000100000010000
000000000010000000000000010010000000010000001000000100000000001000010001001100000100000101000100000
000000000010000100010010010100100010000000000000100001001000000001101001000000010000000000000001010
000000000001010110000000000011000001000000110110110100000010001010010001000000000000000000000000000
000000000000000001100010000000010000010100000100000011100000000001000011000100100000000110000010000
000000000010010000001011110001000000000000001100000010011000000000001001010010000001001000111000010
000000000000001100000000011100000000001010000001000000010001001000000000001001011000000001101110000
000000000010100101101110000000000010000000000000001000000000111000001001001000000100100001001000000
000000000000000010000000000110000010100000000011000100000100000100001110001100000000001000000000000
000000000000000001000100010000000000000001000000010000010000000010110000000011000000000000000011000
000000000000000010000000110000001000010000001000100001000010000000010000100100001000000000000000000
000000000000000011010000110100010000000001100011000010000110000001000000000000100100000000010101000
000000000000011010100000010010000100000000000000000000100000001100000001000000000000000100000000000
000000000000000001100111000000001000010000000001000000000010000101100010100010011001000000010010000
000000000001100000101100010000000010000000010010000111000000000001000100010001000000000001000000000
000000000000000000010100000000001001101000100000000111000010000000010001100000000000001000000000000
000000000000001000100001101001001000100011000010000000000010000001001001000100000000100010000101100
000000000011011010000000010000001000000000000110001000001000000000000001000000100001000100000000110
000000000000000100001100010000000000000000000000001000000000100000010000001000000000010100101001000
000000000000100000001001000000000000000000000010001101100000001000010000000000000000000000100000000
000000000000110000010100001010000000101001000000000100001010010001011010100010000001000100001010000
000000000011000001000000000000100000000000010001000000010000011100100000001000100000000100000010000
000000000000100001011000100000001000010000000100101001001011110001000001000011000000010101001000000
000000000000001000000010101000000101000000000000000000100111000000000001010000000000000000000001000
000000000000000100100100000000000000011110011000100110100010010000001000001000000000000001000000000
000000000000000100000000101000001000000101000000010100000000010010000000000000000001010000000000010
000000000001001000100010110100011000000000000000000000000000100000001010000000000000100100000000000
000000000000000000000010000000001100000111100100000100100001010001000000000001010001000001000000000
000000000000010010000000000000000000000010000000100000001010001001010010000000010000010010100000000
000000000000001000000000101000010000100000010000011000000101000000010000000001000000000001000000000
000000000000000000000010001000010000000000000000000010010000100000000000000010000101101000001000010
000000000000001000000100101010000000100000000000000000010001000010001100000000000000000001000101000
000000000001000010000000000001100010000000000001010100000100000000100001010000001000100100010000010
000000000000100001100011100010010000110000100010000100000000100100001000011000000000000000000000000
000000000001100000000000100000100010000001000000000000010010000000000100000010110000000000000000100
000000000001000010100100000101000000001000000000110101001101000010000010010000010000001110111010000
000000000000000100000000000010100000000010000100000000000000000000100000000001000000000000001000000
000000000000000100000000010001000000110000000000010000001000000000000011111000000010000010000010000
000000000000100100000000000000000010101000000000100000000001100101000001011110000000010000000011000
000000000000001001000000011000000000000001011110100000100000000000100000010000100000100000100000010
000000000000100000100110100000010000000001001000001000000100001010110100000101010100000001101000000
000000000010000000000000100100001010010010101111010100100001010101001000000000001010001000110010000
000000000000010100010010000000000000000001000101000011001000110100000001110000010000100000100001100
000000000000000000000010000100010010000000000110101000001000010000000011100100101010100000000000000
000000000001000001000010100110000000010000010000001000010000010000000100000000001011001001000001000
000000000001000011000000000000000101000010000001001000001010000001000000100000000000001100001000000
000000000000000010000000000000010001000111010001100000001000100100000001010000000000010001000011000
000000000000100100000000000000000000000000001000000000100000010010000000000010010100000000010000000
000000000000010100000101000101000111011000000000001100000010010001110000000000000000100100100010000
000000000000000000110000001100101010010000011000000000010000000011000000000010100100001011000011000
000000000010000000000000000000110100000000001011010001110000010001001000000000100100000100000000000
000000000000011000000001000000000001000000010111001000000000101101010010100000001100010000000110000
000000000000101000000100001101000001000000001000001000000001001100001100110000110000000001000000000
000000000000001000100000000100100100010000010010000001000100000110100000000000011000010000000000000
000000000000000010000001000001000101100100000000000100000001000000000000000010000000000000010100010
000000000000010000000101110001001101000010000000001000000000011010001001100000000001000000000010010
000000000011010101010000100000001100000000000000000010000000000000010000000100001000010001000001000
000000000000000000101000000110001000000011000001010010101100000000000100000110000000110011001000100
000000000010010100000000000001000000000000000000001111010000000000101000000100010001000000000001100
000000000000000110000001010011010010010000000010010000000010000010000000001000000100000000100000000
000000000000011000000000001000001000000011000000000000000010000100010010000100000100000100100110100
000000000010100000010000110000110000001000011101001000000100000100000000000000000000010000010100100
000000000010101000010010110000101010010100011100000000010000000000110000000000000010001000000100000
000000000000000100000110101000000000111000000000010000011101000001001110100001000000110000000000000
000000000010000010100000111001001001101001000000000010001010000100000000000000010010000000000000000
000000000000011000000010000100000100000010010000000100001001000000000010000000001000000000000010010
000000000000001000101000000000000000011000000100100100110010000000100100011000000100010010010000100
000000000000100000000000000100100000001000010000001010000000001100001000000010000001010000010000000
000000000001000000100010000001110100000010000010001000001100000000010000000000000110000100000000000
000000000001001000000000000100000010100000000000001101000001001000000110010000010000000010100000000
000000000000000000000000010001000000000000000000000000001011000000000100010100101000100000000100100
000000000000000010010000100000001000000001001000000000000000000000000110010011100110100100100100000
000000000000101100001110000000000001000001000000010000000000010100001000110010100000000010001101010
000000000001001000000010111101100000001000001100000000001000000000100000001010100000000000000001000
000000000000000100000001001100000000000000000001000011000000000000001000010100000000001000010010010
000000000011000000010100010000100000010000000110110000101000100000000000000001000001010000000101100
000000000010001100000111000001000000000010001000000000000001000000000000000100101000000001000100000
000000000000100000000000100000000001100010100000001000000000101011100100000000100100000110010000100
000000000010000111100000000001000000011000000000000001110000000000100000001100000001100010000010000
000000000000000100101010001000000000010000010000010000000000001000010010000000000000100000110000010
000000000001001001010000110000000000000000101010000000000101000010000100000100000000000000000011010
000000000000000000101011000000000000001111000001001011100100100010100001001000100000100000000000000
000000000000100001001101100000000000000000000010100110000001000000010100000000000000011100100000010
000000000001000011000000000000000100000000000000000001000000100100001000000000000100000100001110000
000000000010100000001000001010010000000000001000100100000000011011000000000001011000100000000000000
000000000011010010000001000001100000001000000010000011000000000100000000000000001100000000010000010
000000000000000000000000000000000000000000000000000000000000000000000000000000000000000000000000000
0 0
98 98