99 99
000000000000000000000000000000000000000000000000000000000000000000000000000000000000000000000000000
000000000000000000000000000000000000000000000000000000000000000000000000000000000000000000000000000
000000000000000000000000000000000000000000000000000000000000000000000000000000000000000000000000000
000000000000000000000000000000000000000000000000000000000000000000000000000000000000000000000000000
000000000000000000000000000000000000000000000000000000000000000000000000000000000000000000000000000
000000000000000000000000000000000000000000000000000000000000000000000000000000000000000000000000000
000000000000000000000000000000000000000000000000000000000000000000000000000000000000000000000000000
000000000000000000000000000000000000000000000000000000000000000000000000000000000000000000000000000
000000000000000000000000000000000000000000000000000000000000000000000000000000000000000000000000000
000000000000000000000000000000000000000000000000000000000000000000000000000000000000000000000000000
000000000000010000000000000100000100010000101000000000000000000100000010000001000000000000101000100
000000000000001000110010100000010000101110100000000000000001000000000000000000101000000000101100010
000000000001000000001111001011100000001100000000011100000000000000100000001000001000000000001000000
000000000001000000010010000000110001010001000000100000010000000001000001001000001100000000000000000
000000000010100110011000000000100000111100101110000000000000000000000000001000000000000000111001000
000000000000001100010000110010000101000000000111001000100010100000100000000000100100101000001100000
000000000001001011001000000100101110000010000001000000101001010000000000000000100000000000001000100
000000000000010101010000000000000000000000000000100001000000110000101011000000000110000000000010000
000000000000000001101000110000010001000010000100010010000000000001000010000010000100110001001100000
000000000000001000010000000001000000000011000000000010000000010110000100000001011000001001110000000
000000000010000000001000000000000000000100000000000011000000000101010101001000101010100110000000000
000000000000000100000001000001000000000011010000000000000000000100000000000010000000000100000100000
000000000000101001010000000001100000000000000000000000000100000100000000000001000001100100000000000
000000000010101000000000000000110000000000000000000000001000010000000001100010000000100000000101000
000000000000010000000000000000000000100001000011000001100000110010000001000000010000100010000000110
000000000010000001010001110000000000000000000000000000001110100010101101010000000000000111000100000
000000000000110100010100000000001000101100000010011000011011110000110100000000000000100000011011100
000000000000000010001101100010001100011101000000001000000000000000001110001000100110001001000010100
000000000000001000001101000100000010000000000100000101110000010001101010110101000000000000000000100
000000000001010110000000000100001001100000110011000000000000000000000001000001000010001000000000000
000000000001000011000000001000000000011000000101000000000000100010000001010100000001000001000111000
000000000001001000000000001000000000100000010000100100000001000010010000000010000010001000110000000
000000000000101100001010000000000010001001000000100000110000000000000001000000100110000011000000000
000000000010000101011000010000000110010000010000000000000111000000000000011000100001000010000000010
000000000010000010010000011100000001000000000000000100000000000000001100000000000000000110000000000
000000000001000010011001000000000000110101010000000010100001100011000000000011000000000000101000000
000000000000000000000001001010000000000010000010100000001010001000000010000000100000000100000110100
000000000000001000000000100100110000010000000010000000100110000010010010100000000000000010110010010
000000000010000001000001100000000000000001001000010110110001000000110010010000000000001000010100000
000000000001100010000110000100000000000010110010101000001000100000000000000000000000000100100010000
000000000000000110111001001000000001011000111000001000010000000100001000000000000110000010111101100
000000000000000001000000000100000000010001011000000100000000000100100100000000010001001000010000000
000000000011001110000000010000000011010000000100000100001001000000000100000000010101100000110000100
000000000001110000000010110000001100101000000010010001100000011100000000000000000001000001000000100
000000000001000010000100011100110000010000100100000001110000000111001000010000000111000100000000010
000000000000100010010001010010000000000000000011000000010010101000000000000010100000000000000000000
000000000010010000100111001100000000000010001000000010100111000100010010000000000000000111101000000
000000000000000111100000000010000000010010011000100100001000000010000000000000000000000000001100000
000000000001000000000100000000000001100001011010000010000000000000000000010111000010000000000011100
000000000000001000000000000000100000010000110000001000010000101101100000000000000000000000000111000
000000000010001010101000000100010001000100101000011000000100000000000000000000001000000000110000000
000000000000001010000000001001000000001011000100000100000011000000001011010000100000000000000000000
000000000000000000100010000000000011000001000001100000100101101000000100000000000100000000000001000
000000000000000000010000100000010100000000001000100000010100010000010000000000000100010000110000000
000000000000100000000001001000100000101000000100101001110001000000001000000000000000001000100001000
000000000000110000000100000000000100000001111000001100101000100010000010100000110000000001010000000
000000000001100000001000000000000000001000100001000100000100000000000101000110100000000000000000000
000000000000000000000001001000100000000000100001100111100000000000100000010001011100000110000001100
000000000000100011000000000110111010000000000101110011000101000000001010001000010000000100000001010
000000000010000001000101010000000000000000000101000000101000000000000100100100010000000000000111000
000000000010000001000100011001011001000000000010000000000111101000101000010110011010010000110000110
000000000000101000000100000010000001101100001010000100000000000000011011110101000000000010000100110
000000000011100000000000001000001000000000000110100010010000001000000000000000000000001100000000010
000000000010000010010100000010010000000100100000010100100000000000000010000000001100100000010000000
000000000000000001000010000000011100001000100000010010000100000000100010100010100000000001100010010
000000000000101100001010000010010010000000000000010000000100000010000000000000100000000100010000100
000000000000000110001000010000100011000010011100000000111010000000101000000010100110010000100000000
000000000000000100000000100110100001000100001000000010000000000100000110100000011000110100010000000
000000000001010100000010011100010000000100110000000000000010000001010001000010000010000100000001000
000000000000001001000000000000001000000100010001000000001000000000100001000000001001000100000000000
000000000010000000000010000100000000000000100100000000000000011000001001110010010010110100000001100
000000000001000000001000100100010101000110000000000010000000001100000101100010000001100100110010000
000000000000000100000101000000010000000000001000000101000011010000000000000000000000001110010000100
000000000001000000010010000000000000100000110000001001010000000011010000000010010000000000000101100
000000000001000111110000011000101000000001001000000000000010101001000000001000000010000000000100000
000000000001001000100000000000001000110000010000100010010010100110001000111011010001001000011011000
000000000001100101010000000100110000000000000001001000000000000000000111000000001000010110000011000
000000000000011001000010100001100000000101000000000010110100000000000101100100000010000000001000010
000000000000101010100000000000000010100010000000000011010010000100111010010111000000001000010100100
000000000000100000100000000000000010000100001000010100000011001100011000011000000010001010000000010
000000000000000001000000010000010000000100011100010101000010001010000000100010000110000001100010000
000000000000010001011110000011100000010001010000000000010100100100000000101100100000000000010000000
000000000011000100110100011111100100000000000000100100000010000110110000011001000100000010001010000
000000000011100000000000011000001000001000001000110001010000000100000110011001000001001000000010000
000000000000100000001000000110000010100000000001000000000000000000011000000100000101010000010000000
000000000000000010100100010010100000000000001000010000000010100000001010000000100001100110000110100
000000000010000000001000011000000000001001000000000110000000000110000001100010000000011100100010000
000000000001000000110001001011101001000010110000001000001000001000100001000000000100001000000000100
000000000000000000100000000000100001000101011010011000000000000000000000000000001100000000000000000
000000000010000001000000001000011000001000101000000000000011010000000000000010000110000000000000000
000000000000010000110000000000000000001011000000000000001000000000110000000000010100000001000101100
000000000000000000000000000000010011000000000110000010001000000000000000100000100000100000001010110
000000000000100100000000000000010100000001000100000111101010110011000000111000000000000010000001000
000000000000000100000000000000010000000001000000000000000001100100000010000000000001010000000100010
000000000000000001001100001000000100000000000000011001101101000001010001100001000100000010101100000
000000000000000100000000000000001000010001000010001000000010000000010100010000001000000000000000000
000000000000001101000110000000001011010000000001000000000000011001010001000000000100000000000110000
000000000010110000100001100000000000000000011010010000000000000000000000000001000010000000000001000
000000000000000000000000000000000000000000000000000000000000000000000000000000000000000000000000000
0 0
98 98