99 99
000000000000000000000000000000000000000000000000000000000000000000000000000000000000000000000000000
000000000000000000000000000000000000000000000000000000000000000000000000000000000000000000000000000
000000000000000000000000000000000000000000000000000000000000000000000000000000000000000000000000000
000000000000000000000000000000000000000000000000000000000000000000000000000000000000000000000000000
000000000000000000000000000000000000000000000000000000000000000000000000000000000000000000000000000
000000000000000000000000000000000000000000000000000000000000000000000000000000000000000000000000000
000000000000000000000000000000000000000000000000000000000000000000000000000000000000000000000000000
000000000000000000000000000000000000000000000000000000000000000000000000000000000000000000000000000
000000000000000000000000000000000000000000000000000000000000000000000000000000000000000000000000000
000000000000000000000000000000000000000000000000000000000000000000000000000000000000000000000000000
000000000000000010000000010100000100100100000000000000100001000000000000000010000110100111000001110
000000000000101001001001000000000000001101100000101001000000001000001000110000111011000000000000100
000000000001010000000100000000000000100010100001000100000000000000100100000000001000100010110000000
000000000010000000000000000001100000001100000000010000000011011001000000001100100000000000010000000
000000000001000011000000000001100100011010000100010001011000000010101010010010100001000100010000000
000000000000110000001000100001001000000001000010010110000000000111010011000100001000100000000100000
000000000011000000000000100000001110010000000000000000101100000100010101100000000000001001010010010
000000000000000000001000000100000000000000000000000000010000000010100110000000010010001100010000000
000000000000000000000000010000000000010010010000010000000000010000011000000000000000010010100000100
000000000000000000000001010000000000000001010000000000100000011000000000000100010100101001001010000
000000000000110010000000011000000100001000000000101000001100010100000010111101000010010010001110000
000000000000000000000000000001000000100000000010001000000000000000001010000110001000000101000000000
000000000011100010100001010000000000000010000010001001000000000000000000000000001000110000100100000
000000000000001000100000100101010000000001100000111100000001000000100001000000101100000010000000100
000000000000000000100000011001100010011000100000000010010100000000101000010001011000010000010001010
000000000000100101000100100010011100001000000000000000000100010010000100001000100010001000000000000
000000000001101000010001010000100001000001000001110000000110001001000010000000000000000011000101000
000000000000010110000010111000100010010000000100000001000010100110000000000100000001000000000100000
000000000000010000101100000010000000010000001000110000000010100100000000010000000100000001000000000
000000000000000010000000100000010001011000101001010001000000010000000000000000000000000010010010000
000000000000000000010001010000000000000000101000000000100110100000000010001100000000000010100000000
000000000010100011000010000001000010010100000110000000000100000100100001110000110000000011000000000
000000000000000011011010010000010010001000000000010000010001010011010010000001001010000000000000000
000000000000000000100011110000001000010001000001000100000010010000000000000000010000000000001000000
000000000011100001101001010000000000011010101100100010000010000010000101000000000001001000000010000
000000000010001101001000000001010000100010000001001000000000000001010000010000001010000000001000000
000000000000000000100000000000010000001000100001001010000100000100000000010100000010000100010000000
000000000001000010000000010100010100010000001100000000000000000100100000000100100000000011000000000
000000000000000000110000001000010000100000000001001000010000001000000000000100100000000000001000000
000000000000000000001101000010000000010000000110000000000001000000000000001001101101100000001000000
000000000000000000000000010000010100000100000000000010000000100000100100010000100000001000010000000
000000000001100000010000010010000000000000000100001010001000010010000000010000100100100100000001000
000000000000000000000000010001001001100110000000010000010000000010000000001000010010000001010000000
000000000000000000100010000001000000010000000010000000000000000010010001000000100000010010011000000
000000000000001001001001001010000100000100000100000100001000000000000000000000000010101100000000000
000000000000011000000000000100100000010001000010000000000000000000010000000100000101100100010000000
000000000001101000001000000000101000000110000010000100100000010000001000001001000100000000000100000
000000000001001010011000010001000000000000001100000100001000100000000001000000001001000001100001000
000000000010000001100011110000000100000000010000000000000001001010000000000010000001100001110000000
000000000011000110101011000000001000000000000100011101001100001000000101010000011000000000100010100
000000000001100100000001001000000011000000000000010010000001010100010000000001001000000000100000000
000000000010000000000000010000000001000000010000000000010000000100000000000000100010100000000100100
000000000001000000001100000011000100000000010000000001000000010100010100100000000100101010010001000
000000000000000000110110000101000000000000000100000000100000010000000010000011000000100000000000000
000000000000001010000000000010000000010011000110000001110100010000000100001000000110011000100100100
000000000001000010000000000000100000110000000001010001000000000011001000100000000000000110000000000
000000000000000000000000000100000000000000000100000110001000001001000000000000000001100000000010000
000000000000000011010000000100101000000110000010000000000010001000100000000001001110000101000000000
000000000001001000000101000100000000000010000001000010001001000000100001010000101000000000000000000
000000000000000010000000100000000001010000100010011000100000001000000000000000110000000000001001100
000000000011100100100000010001000001000100010000000000000100101000000000000000000100010100000000000
000000000010010010000000010010100011001001000011000000000000000000000110000000010000000010001100000
000000000000101000000100010001010110000000000000000100000000010100100001010000100100001000000010000
000000000000000000000000000001101000000001100001100000010000000100000000101000100010010100000001110
000000000000001000110001001110000000000010001000010011101000101000000000001000000000011000000101000
000000000000000000011110100000000011001000100000010100000000100000100100000000111100001000000010000
000000000000000000000000010000000000001000000000000000000000000001000010000000010010000000000000010
000000000000000000001000000100000001000010110010000000000000100100000000000100000000000001000000000
000000000000010000000000010000001000100000100000000000000000010000000001100010001101000011001001100
000000000011011010100111000001000100000000001000100000010000001010000101000010000001010010010000010
000000000010000000000000000010000000000011011100010010101011010000000000000001000000000100000000000
000000000000000000010101000001001100001100100001000000001110000010000000000100011000000000010000000
000000000001001000010001000000000000110100000010001110000000000100100000111011000000100011000000000
000000000001100001000000000001001010001000000000100001000010000011101000001000110000100001000000100
000000000010000000000000000000000010000000000011011000000000000000000000001100101000100000000000000
000000000001000100000000001000000000000000000000010000000000100000011101001000000101000000000010000
000000000010100000100000000001000010100100001000010000001001010000000000000000000001000001100000000
000000000000110110011000000001000000000000000001000011001000001001000010010010100000000000000100010
000000000000000011001000101010000000000110000000100000000000001001011000011101000011000100000001000
000000000000001101000110010000000000000000000000000100000010000100110010011000000000100000100001000
000000000000000000101000010000101000000101011010100100000010000000100000001000000010010010000000000
000000000000100100110000000100100000100101101010010000000100010000000000000000000001001101010000000
000000000000010000000010000000001100000010001001010000010100000010000110000001000100010101100000000
000000000000000110000110011010001000100010001000000010000001000000001000001000101100000000001010000
000000000000010000001000010011001000100000000011011101000010000000000001000000000000000011000000000
000000000000100000110100110000000011000000000101000000011101011000110000001000000100000000100010000
000000000001000000000010000000000000110010000000110000010001000000000010000001100000000000100000100
000000000001010010001000010011000100000010001000000000101000001000000000000001000000001000000000000
000000000000010000010000000101100000000001000000010101000000100100000001000000010000100000000000100
000000000000100010000101001111000000000010001101100000101000100110000000100110100001010110010010000
000000000010100000010100000000100100000000000010000001000100100000001010100101010000000000000001000
000000000000000001000000010001000000010001000110000000001010000000011001100010100000010000001010000
000000000010101100000110001000000000100101000100000000010000000000001001000000010100000101001000100
000000000010011100010010000000000001000000000000000010000010000010000000000001011000100000000101000
000000000000000000010010010000000000000000010101010000000010110000000000001000110001100010000000010
000000000000000000000001100000000011100000100001010101110100000001000001100000000101101001000100000
000000000000110101000100000000100010000100000000001010100000010010100010000000010000001001100010000
000000000000010000000010001010010000000000000110110000100001110001010000000000101001000010011000000
000000000000000000000000000000000000000000000000000000000000000000000000000000000000000000000000000
0 0
98 98