137.0 18161 66.0 6740
136.0 18678 19.0 3488
68.0 18121 65.0 5038
122.0 18397 49.0 4114
44.0 18029 30.0 4589
53.0 18697 68.0 7436
70.0 18087 29.0 6462
76.0 18730 17.0 5030
31.0 17936 9.0 2886
31.0 18816 40.0 2840
52.0 18167 25.0 3507
33.0 19138 10.0 2319
94.0 18200 35.0 6558
90.0 18794 34.0 4048
86.0 18364 26.0 2559
96.0 18756 34.0 4050
52.0 18511 24.0 2551
73.0 18397 15.0 2010
72.0 19011 51.0 4780
77.0 18744 32.0 2928
35.0 18442 7.0 2239
29.0 18352 35.0 6377
32.0 18412 45.0 5283
28.0 18615 14.0 4660
26.0 18431 15.0 4802
60.0 18454 31.0 4915
29.0 18379 15.0 4654
52.0 18430 27.0 5463
67.0 18498 23.0 5597
32.0 17906 17.0 4877
30.0 18818 23.0 6032
32.0 18552 33.0 8228
29.0 18440 7.0 2350
29.0 18686 15.0 4502
26.0 18373 48.0 10527
29.0 18646 7.0 2386
36.0 18116 15.0 4411
29.0 18590 11.0 3597
29.0 18582 33.0 5748
109.0 18635 28.0 5349
26.0 18240 50.0 10459
28.0 18233 18.0 5551
38.0 18824 44.0 5250
30.0 18561 21.0 4405
29.0 18466 24.0 6503
25.0 18343 17.0 4926
33.0 18708 24.0 5799
30.0 18448 10.0 2424
30.0 18050 16.0 4495
59.0 17867 44.0 2830
74.0 18190 43.0 5978
89.0 18355 43.0 5628
76.0 18395 16.0 5224
91.0 18284 7.0 2465
62.0 18293 5.0 2232
37.0 18342 50.0 7297
40.0 18433 19.0 5255
61.0 18670 43.0 4653
78.0 18410 28.0 3440
78.0 18776 7.0 2510
23.0 18287 16.0 5558
36.0 18767 23.0 4271
31.0 18504 64.0 5970
119.0 18073 33.0 7481
77.0 19071 31.0 6924
24.0 18500 12.0 2671
45.0 19271 35.0 4421
100.0 18516 46.0 4142
68.0 18507 20.0 2737
87.0 18503 51.0 2852
31.0 18067 21.0 6083
28.0 18438 11.0 3662
39.0 18023 13.0 4376
44.0 18039 31.0 4633
99.0 18728 111.0 6543
75.0 18151 48.0 5685
49.0 18460 20.0 5563
31.0 18846 22.0 5716
27.0 18511 9.0 2823
27.0 18562 50.0 3902
43.0 18282 59.0 5828
50.0 18399 38.0 5264
58.0 18298 42.0 5126
34.0 18417 65.0 4538
42.0 18644 18.0 5270
26.0 18242 14.0 4841
27.0 18391 12.0 4516
25.0 18082 9.0 3571
21.0 17963 7.0 3299
23.0 18846 7.0 3021
33.0 18435 7.0 2444
22.0 18567 13.0 4627
26.0 18421 50.0 10881
22.0 18305 16.0 5206
23.0 18129 16.0 5130
23.0 17830 11.0 3800
49.0 18833 20.0 3051
45.0 19066 18.0 3125
24.0 18338 7.0 2317
35.0 18008 19.0 5952
330.0 18161 314.0 6740
215.0 18678 87.0 3488
80.0 18121 32.0 5038
102.0 18397 78.0 4114
75.0 18029 36.0 4589
135.0 18697 103.0 7436
231.0 18087 205.0 6462
229.0 18730 169.0 5030
232.0 17936 91.0 2886
226.0 18816 139.0 2840
42.0 18167 11.0 3507
134.0 19138 48.0 2319
77.0 18200 124.0 6558
108.0 18794 32.0 4048
136.0 18364 32.0 2559
130.0 18756 49.0 4050
110.0 18511 27.0 2551
102.0 18397 33.0 2010
122.0 19011 56.0 4780
98.0 18744 39.0 2928
87.0 18442 20.0 2239
100.0 18352 78.0 6377
74.0 18412 57.0 5283
96.0 18615 58.0 4660
65.0 18431 46.0 4802
85.0 18454 32.0 4915
91.0 18379 53.0 4654
60.0 18430 52.0 5463
35.0 18498 17.0 5597
37.0 17906 13.0 4877
43.0 18818 39.0 6032
53.0 18552 110.0 8228
58.0 18440 7.0 2350
61.0 18686 28.0 4502
61.0 18373 124.0 10527
67.0 18646 23.0 2386
39.0 18116 28.0 4411
44.0 18590 16.0 3597
92.0 18582 25.0 5748
53.0 18635 54.0 5349
58.0 18240 117.0 10459
34.0 18233 50.0 5551
82.0 18824 61.0 5250
44.0 18561 39.0 4405
58.0 18466 66.0 6503
67.0 18343 68.0 4926
92.0 18708 26.0 5799
25.0 18448 17.0 2424
23.0 18050 26.0 4495
65.0 17867 8.0 2830
89.0 18190 84.0 5978
101.0 18355 69.0 5628
99.0 18395 128.0 5224
178.0 18284 59.0 2465
100.0 18293 26.0 2232
121.0 18342 79.0 7297
105.0 18433 79.0 5255
125.0 18670 73.0 4653
122.0 18410 44.0 3440
77.0 18776 9.0 2510
101.0 18287 69.0 5558
27.0 18767 13.0 4271
4.0 55 2.0 42
